"","tables.JPM","tables.BAC","tables.C","tables.WFC","tables.GS","tables.MS","tables.BK","tables.USB","tables.PNC","tables.COF","tables.STT","tables.AXP","tables.FITB","tables.RF","tables.X8306.T","tables.X8411.T","tables.X8316.T","tables.X8308.T","tables.X8604.T","tables.X8309.T","tables.X8331.T","tables.X8377.T","tables.X8355.T","tables.X8418.T","tables.TD.TO","tables.RY.TO","tables.BNS.TO","tables.BMO.TO","tables.CM.TO","tables.NA.TO","tables.UCG.MI","tables.ISP.MI","tables.UNI.MI","tables.MB.MI","tables.NAB.AX","tables.CBA.AX","tables.ANZ.AX","tables.WBC.AX","tables.MQG.AX","tables.X600036.SS","tables.X600000.SS","tables.X600016.SS","tables.X600015.SS","tables.HSBA.L","tables.BARC.L","tables.LLOY.L","tables.STAN.L","tables.SAN.MC","tables.BBVA.MC","tables.SAB.MC","tables.SHB.A.ST","tables.SEB.A.ST","tables.SWED.A.ST","tables.BNP.PA","tables.ACA.PA","tables.X055550.KS","tables.X024110.KS","tables.UBSG.SW","tables.CSGN.SW","tables.KBC.BR","tables.ITUB4.SA","tables.BBDC4.SA","tables.DBK.DE","tables.CBK.DE","tables.BIRG.IR","tables.SBIN.NS","tables.BANKBARODA.NS","tables.D05.SI","tables.U11.SI","tables.EBS.VI","tables.DANSKE.CO","tables.INGA.AS","tables.DNB.OL","tables.SBER.ME","tables.ISCTR.IS","tables.SBK.JO"
"JPM",0.719397157525403,0,0,0,0,1.47985954201162e-07,0,0,9.04070829366938e-13,0,1.43049151613594e-06,1.06872325104299e-12,1.11596079486245e-05,0.00961108416008161,0,0,0,0,0.000266542605823749,0,0,0,0,0,0,0,0,0,0.136942386018678,0,0,0.00273747588424863,1.11035987424604e-05,0.125748917747469,0.000182401955017649,1.246284705561e-10,0,0,1.61639437117438e-05,0,0,0,0,0,5.05971193414493e-14,0,0,1.11624434507985e-16,0,0.00466121463221556,0,0,0,0,0,0,3.83278060090015e-14,0,0,7.59054176876079e-10,1.48407369841949e-10,6.1096243985059e-17,0,2.22286247861996e-06,1.13221007300929e-10,1.07005119481961e-09,1.68085411734771e-07,0,0,0,0,2.82547157737892e-15,0.000410417847225592,2.83064676609421e-09,0,0
"BAC",0,0.723846778938959,0,0,0,1.68076024881153e-07,0,0,9.70383272830318e-13,0,1.62469018736411e-06,1.20703673095259e-12,9.43512561099917e-06,0.0103287598020777,0,0,0,0,0.00030274152947844,0,0,0,0,0,0,0,0,0,0.114720169452905,0,0,0.0022932497212926,1.21583979214019e-05,0.142826656054032,0.000207196714611,1.409947889282e-10,0,0,1.46006094088285e-05,0,0,0,0,0,5.74637421678435e-14,0,0,1.1975519400659e-16,0,0.00499060570553275,0,0,0,0,0,0,4.1110262087956e-14,0,0,8.15086696145041e-10,1.59552840475992e-10,6.55465139308843e-17,0,2.51485914676949e-06,1.21441492606766e-10,1.20605476934654e-09,1.79948455799131e-07,0,0,0,0,3.03127983044711e-15,0.000443154714020256,3.21492576005616e-09,0,0
"C",0,0,0.677470032958317,0,0,2.61081145156583e-07,0,0,2.50581422358044e-12,0,2.52371493758032e-06,1.89253350392248e-12,6.28217295729218e-06,0.0157941884773954,0,0,0,0,0.000470296378938942,0,0,-0.000943266781451921,-0.00012969334312215,0,0,0,0,0,0.0685579022890974,0,0,0.00137045102052198,1.94388152636553e-05,0.221875146073123,0.000321919444419748,2.19484793215753e-10,0,0,3.03984140122578e-05,0,0,0,0,0,8.92571670007282e-14,0,0,1.11530861190557e-12,0,0.0133624051820584,0,0,0,0,0,0,3.82074632215116e-10,0,0,2.10130006774708e-09,4.05488603696586e-10,6.10450277951876e-13,0,3.91500893459401e-06,1.12863686672673e-06,1.88556143841105e-09,4.82000453049289e-07,0,0,0,0,2.82310302115772e-11,0.000713218309293905,4.9939097478202e-09,0,0
"WFC",0,0,0,0.72612274336572,0,2.47274554807243e-07,0,0,2.83658387483634e-12,0,2.39025490437575e-06,1.81645494874838e-12,3.44103228462947e-06,0.0148264216929778,-0.00025107055334108,-0.00254494310968945,-0.00361027149168744,-0.000767247063310835,0.000445472519324718,-0.00514328373965346,0,-0.000235489349984903,0,-7.47400401810931e-05,0,0,0,0,0.0314725201332514,0,1.12968033157314e-06,0.000629112208295456,1.78034450219102e-05,0.210165022353158,0.000304962563772054,2.09348567112276e-10,0,0,2.50357129995121e-05,0,0,0,0,0,8.45291951185497e-14,0,0,2.13165837262024e-16,0,0.015250301145573,0,0,0,0,0,0,7.30960562635405e-14,0,0,2.37850665926699e-09,4.60427009973054e-10,1.16673666120193e-16,0,3.73451023154192e-06,2.15938628373028e-10,1.80932044219353e-09,5.50088826716157e-07,0,0,0,0,5.39571839361879e-15,0.000729102210594197,4.72981995271692e-09,0,0
"GS",0,0,0,0,0.739213713490878,1.39624639239102e-07,0,0,1.01383413365368e-12,0,1.34966769618943e-06,1.0240502082067e-12,1.01449151028412e-05,0.00939975115851986,0,0,0,0,0.000251492430614461,0,0,0,0,0,0,0,0,0,0.124080499165157,0,0,0.00248036602769768,1.06076260372408e-05,0.118648463967701,0.000172103724578015,1.18493998284694e-10,0,0,1.63423031420565e-05,0,0,0,0,0,4.77378197606307e-14,0,0,1.19051904742261e-16,0,0.00529057643546735,0,0,0,0,0,0,4.08699905178846e-14,0,0,8.50909154643288e-10,1.65933717218609e-10,6.51615773112731e-17,0,2.11346805059827e-06,1.20730604781656e-10,1.02532754327931e-09,1.90813993627219e-07,0,0,0,0,3.01347795905761e-15,0.000422140226486632,2.67071314749229e-09,0,0
"MS",-1.47985954201162e-07,-1.68076024881153e-07,-2.61081145156583e-07,-2.47274554807243e-07,-1.39624639239102e-07,0.719526761454461,-2.07678762368508e-07,-1.92033270282128e-07,-1.88994331412715e-07,-3.41704536530283e-07,2.00229054811193e-06,-1.60215996153534e-07,5.99495464782908e-06,0.0139519093722034,-1.20151285657809e-08,-5.4761854812154e-09,-1.08601610863675e-08,-1.49329112986889e-08,-0.00013503115533501,-0.00224690007556355,-7.65851770430107e-09,-0.00453278178559479,-9.70298087475903e-05,-0.00685024759789784,-1.48424537159426e-07,-1.27513603867045e-07,-1.93733729833157e-07,-2.57275452182647e-07,0.056708050209094,-2.77336733647702e-07,-8.7176071217778e-07,0.00121955701382386,1.72297864115805e-05,0.192898306752235,0.000279742626740812,-1.02714159458434e-07,-2.19314966837113e-07,-1.66947744222775e-07,3.08182893233251e-05,-2.98650696924573e-16,0,0,0,-7.54527096494551e-12,-1.80640829708776e-06,-2.52716276222464e-08,-3.57601699071359e-10,-2.31749479403183e-07,-1.2452893795473e-07,0.0143235719806976,-3.05008248213382e-08,-4.1675587624096e-08,-1.91631178271052e-08,-1.35515611247401e-07,-1.31785575221749e-07,-1.55248450030096e-08,-2.58720378698341e-08,-5.21640751974623e-08,-9.0832529566893e-08,-1.88710092415463e-07,-1.64364378753587e-07,-2.57010969228419e-07,-1.36459914041188e-07,3.31266487127614e-06,-3.75598940750798e-08,-1.46606084510338e-07,4.50081458204002e-07,-2.87806098859123e-09,-1.28585161501006e-09,-1.33241368653918e-07,-2.67611189470088e-08,-1.27190256784768e-07,0.000620712876138941,1.64583668241968e-09,-2.4440241106747e-09,-1.14414103658398e-08
"BK",0,0,0,0,0,2.07678762368508e-07,0.742495617706903,0,1.17096317801954e-12,0,2.007506112681e-06,1.47755862137357e-12,5.33941895850565e-06,0.0116073288134662,0,0,0,0,0.000374102153231103,-0.0148816150662046,0,-0.00195946680769283,0,0,0,0,0,0,0.0609754464002831,0,0,0.0012188838645495,1.43827088151435e-05,0.176493939188458,0.000256086030491432,1.73143619137717e-10,0,0,1.42080074370663e-05,0,0,0,0,0,7.09975674557718e-14,0,0,1.30639291718676e-16,0,0.00603747511077374,0,0,0,0,0,0,4.48240156166359e-14,0,0,9.83877128592384e-10,1.92647993953606e-10,7.15037892560037e-17,0,3.08851872140534e-06,1.3241648227936e-10,1.47231617201624e-09,2.1771033797132e-07,0,0,0,0,3.30678141633612e-15,0.000501662253090095,3.97243927816123e-09,0,0
"USB",0,0,0,0,0,1.92033270282128e-07,0,0.758431589080692,1.36941769804605e-12,0,1.85627051862647e-06,1.3737014916591e-12,5.13748911700922e-06,0.0111695249536649,0,0,0,0,0.000345911867406228,0,0,0,0,0,0,0,0,0,0.0577594133419449,0,0,0.00115459619199799,1.38672502521011e-05,0.163193672352753,0.000236778842952095,1.60524974937983e-10,0,0,1.7946347976374e-05,0,0,0,0,0,6.56512269550228e-14,0,0,1.27134868966321e-16,0,0.00718229414315864,0,0,0,0,0,0,4.36183718029089e-14,0,0,1.14932173561629e-09,2.23953084858736e-10,6.95856871088491e-17,0,2.86333719660326e-06,1.28855389968337e-10,1.36879691439174e-09,2.59046905715026e-07,0,0,0,0,3.21807640362503e-15,0.000484090742710433,3.67317532559676e-09,0,0
"PNC",-9.04070829366938e-13,-9.70383272830318e-13,-2.50581422358044e-12,-2.83658387483634e-12,-1.01383413365368e-12,1.88994331412715e-07,-1.17096317801954e-12,-1.36941769804605e-12,0.708335092024877,-1.84393739896938e-12,1.82691952676302e-06,7.33472383006922e-14,9.1773582294762e-06,0.0113186426507147,-5.65719277397628e-14,-4.95260292019612e-14,-8.56458817201094e-14,-8.77883939937787e-14,0.000340431526758072,-2.18022221389874e-13,-3.62297836991385e-14,-1.11719472667573e-13,-2.25834514231797e-14,-9.70022439022578e-14,-8.9538726039546e-13,-7.3806747156215e-13,-1.96990671380735e-12,-1.84771079994485e-12,0.110953814359439,-1.18437489595712e-10,-7.76579212755926e-12,0.0022179578751305,1.34447540859458e-05,0.160608076412254,0.000233003171053101,1.55251289920657e-10,-9.71788839124257e-13,-2.20453585345405e-12,1.47428023741534e-05,-1.16149393432237e-21,0,0,0,-3.30145642419588e-17,-8.29864419260674e-13,-1.07413050333962e-13,-1.49388189666744e-15,-2.26493895068386e-13,-9.1550300551936e-13,0.00546379958044866,-1.07327416970393e-13,-3.93755557387533e-13,-6.94984073284982e-14,-1.16555898834767e-12,-2.76002283802628e-12,-8.99349605570063e-14,-4.46438363249838e-14,-1.93343427520218e-13,-3.25872633437219e-13,-0.000946843652745861,1.7426836608939e-10,-1.33761171308953e-12,-2.07936617889516e-13,2.82296337557313e-06,1.32787421356452e-10,1.35088583247576e-09,-4.29702489715715e-06,-1.06985154330481e-14,-5.11409013299514e-15,-5.54311563998844e-13,-2.06658687532827e-12,-4.35854302910937e-13,0.000486775093310733,-6.04709230709814e-07,-9.72037476431985e-15,-4.44796183829137e-14
"COF",0,0,0,0,0,3.41704536530283e-07,0,0,1.84393739896938e-12,0.534836503686671,3.30305293614072e-06,2.43274849642952e-12,4.04052436740336e-05,0.0194847270881747,0,0,0,0,0.00061554501150857,0,0,0,0,0,0,0,0,0,0.140574407315609,0,0,0.00281005980756461,0.000479030177951642,0.290402002758185,0.00043003943916905,2.8513334164958e-10,0,0,2.11329715708123e-05,0,0,0,0,0,1.16815467658983e-13,0,0,2.24512670152614e-16,0,0.00945833487608654,0,0,0,0,0,0,7.70483802263167e-14,0,0,1.55015323281401e-09,3.04132128543297e-10,1.22884213782064e-16,-0.000221200524825515,5.08619921092523e-06,2.27609466336602e-10,2.42640263195929e-09,3.40992994363009e-07,0,0,0,0,5.68293287284051e-15,0.000838728340190654,6.53605841520852e-09,0,0
"STT",-1.43049151613594e-06,-1.62469018736411e-06,-2.52371493758032e-06,-2.39025490437575e-06,-1.34966769618943e-06,-2.00229054811193e-06,-2.007506112681e-06,-1.85627051862647e-06,-1.82691952676302e-06,-3.30305293614072e-06,0.680939386002743,-1.54872639970874e-06,8.02319049400293e-06,0.0118820701989603,-0.0017806741934413,-0.000111481160884532,-0.0063808903589645,-0.0218871086856161,-0.00491194068352851,-0.00197981078176074,-0.000252075229453564,-0.00145047388445681,-0.000436724081991521,-0.002967775978696,-1.43473103470583e-06,-1.23259757663066e-06,-1.87270784184684e-06,-2.48692758474253e-06,0.134495954771641,-2.68084796788624e-06,-8.42678826921501e-06,0.00268780052525038,1.3578529115595e-05,0.163088546015979,0.000235384119135758,-9.94556184613696e-07,-2.11998632651086e-06,-1.61378377453364e-06,1.71962209074402e-05,-2.88687727524436e-15,0,0,0,-7.29356117650837e-11,-1.74614669271505e-05,-2.44285676351617e-07,-3.45672127762893e-09,-2.24016109298e-06,-1.20374660027202e-06,0.00572973847307056,-2.9483319128222e-07,-4.02852925117547e-07,-1.85238373617029e-07,-1.30994818555464e-06,-1.27389216308697e-06,-1.50069371015728e-07,-2.42479831093275e-07,-5.04238847665323e-07,-8.78023618092719e-07,-1.84476760084524e-06,-1.59280452673428e-06,-2.48435882842029e-06,-1.31907619464488e-06,2.05634743255702e-06,2.2115609414872e-05,-1.43148966332314e-06,-4.37132572447584e-07,-2.78204904602308e-08,-1.242955681984e-08,-1.28796444558976e-06,-2.58683696183515e-07,-1.22890970614945e-06,0.000508139893195207,-2.23901104096902e-08,-2.36249161241303e-08,-1.1059725599847e-07
"AXP",-1.06872325104299e-12,-1.20703673095259e-12,-1.89253350392248e-12,-1.81645494874838e-12,-1.0240502082067e-12,1.60215996153534e-07,-1.47755862137357e-12,-1.3737014916591e-12,-7.33472383006922e-14,-2.43274849642952e-12,1.54872639970874e-06,0.725855508031707,9.64805673831499e-06,0.0106887420485343,-5.32954014062618e-09,-4.59550723090585e-09,-4.89697415857873e-09,-8.31357494877516e-10,0.000288596300026407,-4.00415497460492e-08,-1.81810288387252e-09,-4.26123117775481e-10,-3.75317569923552e-09,-1.79707168216714e-10,-1.08940907021336e-12,-2.28502970153272e-12,-1.43550079548312e-12,-1.89391942052938e-12,0.117204159796731,-2.26007059432801e-12,-6.04961829684009e-12,0.00234290497860305,1.19848671777608e-05,0.136154934937342,0.000197511029345622,1.35514384392402e-10,-1.50351798077217e-12,-1.23207082538468e-12,1.73356584152933e-05,-1.75615088128208e-12,0,0,0,-4.37426554373067e-13,-2.76232290085568e-07,-1.88768983438314e-08,-2.82010271536962e-06,-1.59872523813195e-12,-8.36946243710583e-13,0.00672684544699515,-1.99359548524327e-13,-2.99021737995318e-13,-1.27060225274379e-13,-1.1849364627446e-07,-8.90716385501351e-13,-3.231549989496e-08,-5.98099199154456e-06,-3.48922671087532e-13,-1.28366315572432e-07,-5.13833854282122e-07,1.90857960507283e-10,-1.83410046190248e-12,-7.30264218677218e-08,2.01410424246444e-06,-2.04120696512139e-09,-0.000867347664080188,2.33434653444021e-07,-1.96350119987734e-10,-8.80188764797973e-15,-1.27271499775726e-06,-2.00832102665525e-13,-1.76067991308772e-07,0.000497436233257486,-7.59759358154605e-09,-1.67297885541358e-14,-6.6852788607536e-10
"FITB",-1.11596079486245e-05,-9.43512561099917e-06,-6.28217295729218e-06,-3.44103228462947e-06,-1.01449151028412e-05,-5.99495464782908e-06,-5.33941895850565e-06,-5.13748911700922e-06,-9.1773582294762e-06,-4.04052436740336e-05,-8.02319049400293e-06,-9.64805673831499e-06,0.654817267287683,0.0159248842450883,-0.00185211654663293,-0.000492716780429551,-0.00022030926806584,-0.000462910849524201,0.000395573070515349,-8.26017304426889e-06,-0.00821446668677494,-1.95384868590863e-05,-0.000168881336559321,-8.43179693847189e-06,-4.30688217408309e-06,-1.85973769597001e-05,-1.3741245130683e-05,-1.60741153945518e-05,0.051480943381018,-4.9120003738975e-05,-0.0271082727938213,-0.00218507081400651,-0.0180328855105871,0.266549619476384,-0.000326998231069423,-0.000374208753094677,-0.000324328636220332,-0.000172589014585744,-0.000217248622897187,-8.52511050737045e-12,0,0,0,-2.90093964010594e-10,-0.0017245128131154,-7.18177499497817e-06,-1.36900690190276e-05,-1.67069096565579e-07,-3.40564502292656e-07,0.00778426147723797,-0.000644041558082059,-0.00245234821967889,-0.000382969076291613,-1.00452439130196e-06,-0.00698759928027352,-0.00157292207706748,-0.00225557126909299,-0.000712417396121812,-0.00111750464667752,-2.03474891720292e-05,-1.11825714654261e-06,-7.20476527739118e-05,-0.013538491226446,-0.0187440070278322,-1.4506408634916e-06,-0.00421048881889825,-0.0215150500667365,-1.12247391034921e-05,-2.68748604861583e-09,-8.68730394327589e-06,-0.00593750675537266,-0.0121612319611772,0.000693915881512686,-0.000313858911405191,-5.10811716005629e-09,-4.6211772926812e-05
"RF",-0.00961108416008161,-0.0103287598020777,-0.0157941884773954,-0.0148264216929778,-0.00939975115851986,-0.0139519093722034,-0.0116073288134662,-0.0111695249536649,-0.0113186426507147,-0.0194847270881747,-0.0118820701989603,-0.0106887420485343,-0.0159248842450883,0.799311399843444,-0.00236899104436941,-0.000388676310267253,-0.000710460325309898,-0.000909065841250191,2.81784109305526e-05,-0.00208932707771156,-0.00037116591906592,-0.000812869634761306,-0.000215367554908138,-0.00503195883987645,-0.0102380067189705,-0.00835483390284911,-0.0132580884480823,-0.0167107490531668,0.00833061408457246,-0.0163383290271442,-0.00626166892598489,-0.0171415451990841,-0.00357326571862333,0.132134411818476,-0.00725420423002907,-0.00703670010156351,-0.00932907737646686,-0.00876663750543,-0.00671185013779462,-1.06956250781472e-11,0,0,0,-1.02026816798041e-06,-0.0067741537937196,-0.00109905523862735,-1.37340753937207e-05,-0.00941608775232943,-0.0198632677790944,-0.0166483481954029,-0.00362393993280566,-0.00240707880568795,-0.00115218389743917,-0.00852241094332455,-0.0110287043453094,-0.00123754656478049,-0.00123617558568583,-0.00240672546090921,-0.00822566839942098,-0.0230977677670217,-0.00816373907877526,-0.0143725579484892,-0.00168431131840844,-0.0137688843745979,-0.0051019886141195,-0.00528493185220971,-0.00296569696862758,-7.27182862380543e-05,-5.12816744556774e-05,-0.0054428178919288,-0.00346930013444072,-0.00619366658642612,-0.00236432756235858,-0.000337111719916368,-9.74713157742279e-05,-0.000564027653814298
"X8306.T",0,0,0,0.00025107055334108,0,1.20151285657809e-08,0,0,5.65719277397628e-14,0,0.0017806741934413,5.32954014062618e-09,0.00185211654663293,0.00236899104436941,0.970205971098448,0,0,0,2.16360988779641e-05,0,0,0,0,0,0,0,0,0,0.00160511370730181,0,3.90608156180216e-10,3.2085089940251e-05,3.6655231044258e-06,0.0102143061431404,1.48933600764164e-05,6.29765196372943e-07,0,0,7.52795288780149e-05,0,0,0,0,0,4.09614110860546e-15,0,0,5.81760058323241e-14,0,0.000289392808990042,0,0,0,0,0,0,1.99295311595212e-11,0,0,4.74982104370685e-11,1.47422606114874e-08,3.18419122307279e-14,0,0.0112320269627743,5.88712295065095e-08,5.2623047256735e-06,1.04332068793013e-08,0,0,0,0,1.47256872287137e-12,4.67831899142591e-05,2.29823059914877e-10,0,0
"X8411.T",0,0,0,0.00254494310968945,0,5.4761854812154e-09,0,0,4.95260292019612e-14,0,0.000111481160884532,4.59550723090585e-09,0.000492716780429551,0.000388676310267253,0,0.981307232736949,0,0,9.86012698466248e-06,0,0,0,0,0,0,0,0,0,0.000420905073125029,0,3.95934737240526e-09,8.41325297154772e-06,1.82105771120349e-06,0.00465474938423776,6.76787235369912e-06,5.43027673298197e-07,0,0,6.50604355043164e-05,0,0,0,0,0,1.8662514215698e-15,0,0,3.72007041896897e-15,0,0.000264865619219971,0,0,0,0,0,0,1.27439617791312e-12,0,0,4.15199833745073e-11,1.32998895731446e-08,2.03613421166018e-15,0,0.00968504038603716,3.76452878123049e-09,4.53752815136323e-06,9.55198845122186e-09,0,0,0,0,9.4163551922792e-14,3.23453426701024e-05,1.0474741881154e-10,0,0
"X8316.T",0,0,0,0.00361027149168744,0,1.08601610863675e-08,0,0,8.56458817201094e-14,0,0.0063808903589645,4.89697415857873e-09,0.00022030926806584,0.000710460325309898,0,0,0.96653946928834,0,1.95534518015292e-05,0,0,0,0,0,0,0,0,0,0.00233017579494641,0,5.61675382442106e-09,4.65791901140268e-05,2.017751010951e-06,0.00923048103197457,1.3361317472787e-05,5.78650847642424e-07,0,0,6.98797266277747e-05,0,0,0,0,0,3.70456769478454e-15,0,0,2.08246232729765e-13,0,0.000452631402727304,0,0,0,0,0,0,7.13395334161804e-11,0,0,7.17248003536877e-11,1.42043927309834e-08,1.13980981851398e-13,0,0.0103203890899356,2.10734813999481e-07,4.83519587057826e-06,1.63264459894573e-08,0,0,0,0,5.27119187002107e-12,4.78536682831396e-05,2.07731064913098e-10,0,0
"X8308.T",0,0,0,0.000767247063310835,0,1.49329112986889e-08,0,0,8.77883939937787e-14,0,0.0218871086856161,8.31357494877516e-10,0.000462910849524201,0.000909065841250191,0,0,0,0.954733890077552,2.68862555902429e-05,0,0,0,0,0,0,0,0,0,0.00611711239074729,0,1.19366033470041e-09,0.000122280086763362,1.70747180018119e-06,0.0126917913849578,1.84431002158572e-05,9.82385161409629e-08,0,0,1.29607694468935e-05,0,0,0,0,0,5.09877698063603e-15,0,0,7.14044203592787e-13,0,0.000453509321860326,0,0,0,0,0,0,2.44612265647696e-10,0,0,7.36910752425602e-11,2.42781119835189e-09,3.90823201668282e-13,0,0.00175210982861103,7.22577208625798e-07,8.20882179672787e-07,1.63597576426866e-08,0,0,0,0,1.80741036775355e-11,4.12988061425849e-05,2.85633844807642e-10,0,0
"X8604.T",-0.000266542605823749,-0.00030274152947844,-0.000470296378938942,-0.000445472519324718,-0.000251492430614461,0.00013503115533501,-0.000374102153231103,-0.000345911867406228,-0.000340431526758072,-0.00061554501150857,0.00491194068352851,-0.000288596300026407,-0.000395573070515349,-2.81784109305526e-05,-2.16360988779641e-05,-9.86012698466248e-06,-1.95534518015292e-05,-2.68862555902429e-05,0.979176804770127,-7.19735364034182e-05,-1.37913368443224e-05,-2.4641933302466e-05,-4.41420744052545e-06,-2.52339090734125e-05,-0.000267311982094256,-0.00022966751105818,-0.00034894874186191,-0.000463415068216163,0.00129171083150707,-0.000499584744562318,-0.00156959714268161,-0.000116974897469331,-9.75481789290896e-05,0.00281392671771264,-0.00022042698250328,-0.000185132670614316,-0.000395272492940835,-0.000300948922951419,-0.000228539225174032,-5.4008558483098e-13,0,0,0,-1.35863712399498e-08,-0.00325225336489276,-4.55429079207249e-05,-6.44093848391678e-07,-0.000417318294697991,-0.000224393077369353,-8.44373979392796e-05,-5.49636155399737e-05,-7.51169154344751e-05,-3.45308672470336e-05,-0.000244161362045675,-0.000237480673347996,-2.79578682450148e-05,-4.66437520692043e-05,-9.39931968184285e-05,-0.000163686670888136,-0.000344030390777222,-0.000296865945845188,-0.000462974636243931,-0.000245748946483003,0.0077850532940097,-6.77618735704297e-05,-0.000263351357957526,-0.000119997230315122,-5.18626911991732e-06,-2.31664717730677e-06,-0.00024009293922254,-4.82752067750107e-05,-0.000229206428186766,-9.46296058195063e-05,5.54973290959955e-06,-4.40326200252891e-06,-2.06326139345332e-05
"X8309.T",0,0,0,0.00514328373965346,0,0.00224690007556355,0.0148816150662046,0,2.18022221389874e-13,0,0.00197981078176074,4.00415497460492e-08,8.26017304426889e-06,0.00208932707771156,0,0,0,0,7.19735364034182e-05,0.924411471678157,0,0,0,0,0,0,0,0,0.00872003511854772,0,8.00176903074920e-09,0.000265726259670677,2.9844239444043e-06,0.0339784296508084,4.9262108015662e-05,1.92062372854081e-08,0,0,3.72061618802491e-06,0,0,0,0,0,1.36431113448904e-14,0,0,8.21847075215998e-14,0,0.00112321970770993,0,0,0,0,0,0,2.81543788286963e-11,0,0,1.83174326299673e-10,1.12137184189424e-07,0.00454651555884225,0,0.000342549163642829,8.31672092939679e-08,3.95363793761612e-05,4.05050289377056e-08,0,0,0,0,2.08028426948823e-12,9.50748475313147e-05,7.64522499229182e-10,0,0
"X8331.T",0,0,0,0,0,7.65851770430107e-09,0,0,3.62297836991385e-14,0,0.000252075229453564,1.81810288387252e-09,0.00821446668677494,0.00037116591906592,0,0,0,0,1.37913368443224e-05,0,0.97947370589192,0,0,0,0,0,0,0,0.00105626900338866,0,0,2.11141154938239e-05,8.91378810001358e-06,0.0065110106997619,9.61197969591461e-06,2.14836536727758e-07,0,0,2.57758169626687e-05,0,0,0,0,0,2.61151739416333e-15,0,0,8.24725196869408e-15,0,0.00018516066718649,0,0,0,0,0,0,2.82529248729082e-12,0,0,3.04100020021056e-11,5.01201683426762e-09,4.51403064845581e-15,0,0.00383166593217311,8.34582844969842e-09,1.79516953663532e-06,6.67539471290668e-09,0,0,0,0,2.0875694584021e-13,2.32332372584132e-05,1.46490648317115e-10,0,0
"X8377.T",0,0,0.000943266781451921,0.000235489349984903,0,0.00453278178559479,0.00195946680769283,0,1.11719472667573e-13,0,0.00145047388445681,4.26123117775481e-10,1.95384868590863e-05,0.000812869634761306,0,0,0,0,2.4641933302466e-05,0,0,0.972978234866315,0,0,0,0,0,0,0.00378243981599461,0,3.66367379900261e-10,7.61520376139594e-05,1.11305653799983e-06,0.0116323370966976,1.68566978093026e-05,5.0354077948522e-08,0,0,7.41438460382509e-06,0,0,0,0,0,4.67307593761231e-15,0,0,6.60155728831712e-14,0,0.000591064492738487,0,0,0,0,0,0,2.26151903231088e-11,0,0,9.36808764865981e-11,1.37667061495126e-09,3.61328016169718e-14,0,0.000898078369390555,6.68045926805258e-08,4.20759365134193e-07,2.13239162736493e-08,0,0,0,0,1.67100622429083e-12,3.72187271055243e-05,2.6179079721993e-10,0,0
"X8355.T",0,0,0.00012969334312215,0,0,9.70298087475903e-05,0,0,2.25834514231797e-14,0,0.000436724081991521,3.75317569923552e-09,0.000168881336559321,0.000215367554908138,0,0,0,0,4.41420744052545e-06,0,0,0,0.988470068138995,0,0,0,0,0,0.000274998988673507,0,0,5.50852572496754e-06,1.12072184578357e-06,0.00208368575773687,3.01725452701768e-06,4.43493496909134e-07,0,0,5.3018343622941e-05,0,0,0,0,0,8.35374394915985e-16,0,0,1.80245676083529e-14,0,0.000121199113761484,0,0,0,0,0,0,6.17472904763853e-12,0,0,1.89520949157086e-11,1.07954592403431e-08,9.86552259081186e-15,0,0.00790982226701294,1.8239963981472e-08,3.70582235560266e-06,4.37037950106038e-09,0,0,0,0,4.56243327873728e-13,2.12640079676698e-05,4.68968567455437e-11,0,0
"X8418.T",0,0,0,7.47400401810931e-05,0,0.00685024759789784,0,0,9.70022439022578e-14,0,0.002967775978696,1.79707168216714e-10,8.43179693847189e-06,0.00503195883987645,0,0,0,0,2.52339090734125e-05,0,0,0,0,0.968604763517499,0,0,0,0,0.00350908230116057,0,1.16278348454156e-10,7.09647757923519e-05,1.04570704276923e-06,0.0119119221393194,1.72661566515028e-05,2.12364770199221e-08,0,0,3.73274511040442e-06,0,0,0,0,0,4.78521530810645e-15,0,0,9.68196552719134e-14,0,0.000508283563250389,0,0,0,0,0,0,3.31678379225347e-11,0,0,8.13984276570451e-11,6.04567781125261e-10,5.29930324584891e-14,0,0.000378758370730499,9.79767945916495e-08,1.77453082574822e-07,1.83369652571707e-08,0,0,0,0,2.45072851036794e-12,3.54762715658224e-05,2.68073006343028e-10,0,0
"TD.TO",0,0,0,0,0,1.48424537159426e-07,0,0,8.9538726039546e-13,0,1.43473103470583e-06,1.08940907021336e-12,4.30688217408309e-06,0.0102380067189705,0,0,0,0,0.000267311982094256,0,0,0,0,0,0.822132219569601,0,0,0,0.0351730812704274,0,0,0.000854424240102191,9.96095227935411e-06,0.126111872000804,0.000182868987191964,1.25728515107387e-10,0,0,8.55715455168157e-06,0,0,0,0,0,5.07488543602981e-14,0,0,1.17038808793459e-16,0,0.00460170200666219,0,0,0,0,0,0,4.01285112719515e-14,0,0,7.50661513628959e-10,1.48312994040845e-10,6.40597343160948e-17,0,2.24241309131897e-06,1.18550456952956e-10,1.08419982699276e-09,1.65974842670066e-07,0,0,0,0,2.96252186319071e-15,0.000411691623068332,2.83903589625982e-09,0,0
"RY.TO",0,0,0,0,0,1.27513603867045e-07,0,0,7.3806747156215e-13,0,1.23259757663066e-06,2.28502970153272e-12,1.85973769597001e-05,0.00835483390284911,0,0,0,0,0.00022966751105818,0,0,0,0,0,0,0.858571214428211,0,0,0.0191813566547174,0,4.52863961310339e-05,0.00183117109086967,8.31046433371549e-06,0.107464533490702,0.000155853313178278,2.67802843187039e-10,0,0,5.66478013904326e-06,0,0,0,0,0,4.35977558126571e-14,0,0,9.48125452584096e-17,0,0.00378788656131004,0,0,0,0,0,0,3.25055411008013e-14,0,0,6.19103973351061e-10,1.41611668015948e-10,5.18944657904438e-17,0,4.77639117921189e-06,9.6031825190888e-11,2.26255761606196e-09,1.36595164810186e-07,0,0,0,0,2.39992393231274e-15,0.000339345102750251,2.43905560069995e-09,0,0
"BNS.TO",0,0,0,0,0,1.93733729833157e-07,0,0,1.96990671380735e-12,0,1.87270784184684e-06,1.43550079548312e-12,1.3741245130683e-05,0.0132580884480823,0,0,0,0,0.00034894874186191,0,0,0,0,0,0,0,0.804024927218644,0,0.00294230883229914,0,0,0.00341682998285283,1.30877117937403e-05,0.164625959195577,0.000238785315585701,1.64561166853754e-10,0,0,1.25513187283089e-05,0,0,0,0,0,6.62381033521172e-14,0,0,1.68347896689649e-16,0,0.0105163786065159,0,0,0,0,0,0,5.76910337183868e-14,0,0,1.65026275254878e-09,3.19946155593374e-10,9.21431245395161e-17,0,2.93510493369826e-06,1.70446280191096e-10,1.42457315430325e-09,3.79342903345551e-07,0,0,0,0,4.26127307434736e-15,0.000583005054494318,3.70570138764757e-09,0,0
"BMO.TO",0,0,0,0,0,2.57275452182647e-07,0,0,1.84771079994485e-12,0,2.48692758474253e-06,1.89391942052938e-12,1.60741153945518e-05,0.0167107490531668,0,0,0,0,0.000463415068216163,0,0,0,0,0,0,0,0,0.748753304126435,0.000382742304239788,0,0,0.00431516554288515,1.58941076657244e-05,0.218630009379417,0.000317121762179494,2.17836501867372e-10,0,0,9.42533937243326e-06,0,0,0,0,0,8.79598119071369e-14,0,0,2.06029403907618e-16,0,0.00966040724181902,0,0,0,0,0,0,7.05981427694307e-14,0,0,1.54913816052618e-09,3.01307718329224e-10,1.12767628205415e-16,0,3.88544985625789e-06,2.08585163124705e-10,1.87891291858967e-09,3.48429354756652e-07,0,0,0,0,5.21507882580723e-15,0.000718704796159756,4.92111518723118e-09,0,0
"CM.TO",-0.136942386018678,-0.114720169452905,-0.0685579022890974,-0.0314725201332514,-0.124080499165157,-0.056708050209094,-0.0609754464002831,-0.0577594133419449,-0.110953814359439,-0.140574407315609,-0.134495954771641,-0.117204159796731,-0.051480943381018,-0.00833061408457246,-0.00160511370730181,-0.000420905073125029,-0.00233017579494641,-0.00611711239074729,-0.00129171083150707,-0.00872003511854772,-0.00105626900338866,-0.00378243981599461,-0.000274998988673507,-0.00350908230116057,-0.0351730812704274,-0.0191813566547174,-0.00294230883229914,-0.000382742304239788,0.856916216391481,-0.0262394308581993,-0.00226898135948252,0.0159746316758633,-0.00153226988712461,0.107496241895719,-0.000218843067733165,-0.00485261048114706,-0.000350797915417914,-0.000294487506995211,-0.000494964931646634,-1.47324155987355e-12,0,0,0,-2.54923569781267e-08,-0.000371833754083808,-3.08076703481353e-05,-1.87172899389199e-06,-0.000211193159263488,-0.000460924596247933,0.00569293572679104,-0.000247799189144963,-0.000371850125536995,-9.53900021024443e-05,-0.000200541796008633,-0.0013458120779913,-0.000199589964142131,-0.000263441541429162,-0.000168690690884059,-0.000491555847127098,-0.000781277403037872,-0.00845937229057853,-0.0175635590465153,-0.00164440049136453,-0.0018782908860967,-0.00012747079503025,-0.000727888796022284,-0.00179936892267228,-2.74816251680303e-06,-1.14854073289162e-06,-0.000143133868462345,-0.000898632718961591,-0.00155137225848954,0.000377966281516839,-4.18076934393385e-05,-2.18303668208027e-06,-2.74050063892453e-05
"NA.TO",0,0,0,0,0,2.77336733647702e-07,0,0,1.18437489595712e-10,0,2.68084796788624e-06,2.26007059432801e-12,4.9120003738975e-05,0.0163383290271442,0,0,0,0,0.000499584744562318,0,0,0,0,0,0,0,0,0,0.0262394308581993,0.709420481808909,0.000964608662798928,0.000524498810935902,1.88024553668033e-05,0.233116682215194,0.000338191513631849,2.40878861761673e-10,0,0,1.85046867016907e-05,0,0,0,0,0,9.48129579337955e-14,0,0,3.40929601216348e-15,0,0.0116914055603927,0,0,0,0,0,0,1.16799550879447e-12,0,0,9.90736828694386e-08,1.89391910259282e-08,1.86603571068061e-15,0,4.29666377843372e-06,3.45024387389435e-09,2.2465822328467e-09,2.39114722420007e-05,0,0,0,0,8.62971357812359e-14,0.000749063954227603,5.30484350664703e-09,0,0
"UCG.MI",0,0,0,-1.12968033157314e-06,0,8.7176071217778e-07,0,0,7.76579212755926e-12,0,8.42678826921501e-06,6.04961829684009e-12,0.0271082727938213,0.00626166892598489,-3.90608156180216e-10,-3.95934737240526e-09,-5.61675382442106e-09,-1.19366033470041e-09,0.00156959714268161,-8.00176903074920e-09,0,-3.66367379900261e-10,0,-1.16278348454156e-10,0,-4.52863961310339e-05,0,0,0.00226898135948252,-0.000964608662798928,0.819161258796106,4.52219583934835e-05,3.71512787258808e-05,0.102410553936386,0.000148861436273821,7.14669721124542e-10,0,0,3.97765275580346e-05,0,0,0,0,0,2.98047660084874e-13,0,0,5.00493949792456e-16,0,0.0404825958133811,0,0,0,0,0,0,1.71461939342216e-13,0,0,6.49852379989959e-09,1.23715220997089e-09,2.73939129943618e-16,0,1.27472578011234e-05,5.06552575878126e-10,5.98831543045034e-09,1.45965272872335e-06,0,0,0,0,1.26686548157836e-14,0.000442522937311207,1.667487062576e-08,0,0
"ISP.MI",-0.00273747588424863,-0.0022932497212926,-0.00137045102052198,-0.000629112208295456,-0.00248036602769768,-0.00121955701382386,-0.0012188838645495,-0.00115459619199799,-0.0022179578751305,-0.00281005980756461,-0.00268780052525038,-0.00234290497860305,0.00218507081400651,0.0171415451990841,-3.2085089940251e-05,-8.41325297154772e-06,-4.65791901140268e-05,-0.000122280086763362,0.000116974897469331,-0.000265726259670677,-2.11141154938239e-05,-7.61520376139594e-05,-5.50852572496754e-06,-7.09647757923519e-05,-0.000854424240102191,-0.00183117109086967,-0.00341682998285283,-0.00431516554288515,-0.0159746316758633,-0.000524498810935902,-4.52219583934835e-05,0.884748556270415,-2.08696578547728e-05,0.069555516125957,9.3597424802953e-05,-9.69884799033197e-05,-6.98711371168454e-06,-5.86675888079689e-06,1.05599153146557e-05,-2.94241590210403e-14,0,0,0,-4.63252321448739e-10,-7.42159966984863e-06,-6.13294818587807e-07,-3.77642370914093e-08,-4.21752526139454e-06,-9.2038074531904e-06,0.022669126186673,-4.95128963263133e-06,-7.42992130597823e-06,-1.90539265002184e-06,-3.99526610189842e-06,-2.68917973724491e-05,-3.98709365795539e-06,-5.26352486675946e-06,-3.36805607650152e-06,-9.8192444223832e-06,-1.55920888645221e-05,-0.000169085064366629,-0.0134405314476957,-3.28646226440428e-05,-3.63730244910415e-05,-2.31825571896132e-06,-1.45384600705509e-05,-3.51469395076989e-05,-5.47388234586221e-08,-2.28501973458597e-08,-2.84896146871647e-06,-1.83361629126996e-05,-3.10026827323273e-05,0.000828056365347013,-8.31596287899561e-07,-4.34314757589811e-08,-5.46200066130667e-07
"UNI.MI",-1.11035987424604e-05,-1.21583979214019e-05,-1.94388152636553e-05,-1.78034450219102e-05,-1.06076260372408e-05,-1.72297864115805e-05,-1.43827088151435e-05,-1.38672502521011e-05,-1.34447540859458e-05,-0.000479030177951642,-1.3578529115595e-05,-1.19848671777608e-05,0.0180328855105871,0.00357326571862333,-3.6655231044258e-06,-1.82105771120349e-06,-2.017751010951e-06,-1.70747180018119e-06,9.75481789290896e-05,-2.9844239444043e-06,-8.91378810001358e-06,-1.11305653799983e-06,-1.12072184578357e-06,-1.04570704276923e-06,-9.96095227935411e-06,-8.31046433371549e-06,-1.30877117937403e-05,-1.58941076657244e-05,0.00153226988712461,-1.88024553668033e-05,-3.71512787258808e-05,2.08696578547728e-05,0.923643739482585,0.0466032485692158,-0.0355721562129531,-0.0173951284121041,-0.0160097769321257,-0.00851576626701908,-0.0110821363849088,-2.46179506176616e-14,0,0,0,-7.08730040738072e-09,-1.05074662876715e-05,-1.6277409892718e-06,-4.09022730138523e-08,-3.54220972979332e-06,-7.8456816115057e-06,0.00536033639359379,-2.34793043771453e-06,-4.71150933899606e-06,-1.45055314454643e-06,-8.52326116820921e-06,-1.93457002678387e-05,-7.131783962347e-06,-4.90653202754678e-06,-3.62092469573174e-06,-6.30039964875033e-06,-1.45343624491567e-05,-1.31234469839849e-05,-8.06939211361773e-05,-3.12146709691135e-05,-0.000109850582087495,-3.54497155470829e-05,-1.22573332746318e-05,-2.69632586328074e-05,-1.22251767505598e-07,-7.20400185173981e-08,-1.63229270502286e-05,-7.1466611976012e-06,-1.92588315957216e-05,0.00016525141558024,-2.10394956351243e-06,-1.36926796322914e-07,-9.77982050721191e-07
"MB.MI",-0.125748917747469,-0.142826656054032,-0.221875146073123,-0.210165022353158,-0.118648463967701,-0.192898306752235,-0.176493939188458,-0.163193672352753,-0.160608076412254,-0.290402002758185,-0.163088546015979,-0.136154934937342,-0.266549619476384,-0.132134411818476,-0.0102143061431404,-0.00465474938423776,-0.00923048103197457,-0.0126917913849578,-0.00281392671771264,-0.0339784296508084,-0.0065110106997619,-0.0116323370966976,-0.00208368575773687,-0.0119119221393194,-0.126111872000804,-0.107464533490702,-0.164625959195577,-0.218630009379417,-0.107496241895719,-0.233116682215194,-0.102410553936386,-0.069555516125957,-0.0466032485692158,0.928097740013418,-0.105929956343659,-0.0875618215649049,-0.186500254807039,-0.141997438350358,-0.132935928013521,-2.54915626265917e-10,0,0,0,-6.41774992060859e-06,-0.124831780422545,-0.0214870325827247,-0.000304091357214902,-0.0522052138567275,-0.105878597555912,-0.0807536729060127,-0.0259360517073817,-0.0354481165081844,-0.0162935503056793,-0.110833916298916,-0.112056728755082,-0.0117010493004139,-0.0216241122480518,-0.0443498692258907,-0.0772378149004767,-0.156599951335542,-0.140054043914791,-0.218423784817419,-0.0478967102598356,-0.0717984670393855,-0.0320929950726065,-0.126011579243236,-0.0543368341375527,-0.00244715525241556,-0.00109301225472762,-0.113279409299843,-0.0227874081496045,-0.108159423285359,-0.0558657568301348,-0.00223828239485749,-0.00207749344685959,-0.00973592302851688
"NAB.AX",-0.000182401955017649,-0.000207196714611,-0.000321919444419748,-0.000304962563772054,-0.000172103724578015,-0.000279742626740812,-0.000256086030491432,-0.000236778842952095,-0.000233003171053101,-0.00043003943916905,-0.000235384119135758,-0.000197511029345622,0.000326998231069423,0.00725420423002907,-1.48933600764164e-05,-6.76787235369912e-06,-1.3361317472787e-05,-1.84431002158572e-05,0.00022042698250328,-4.9262108015662e-05,-9.61197969591461e-06,-1.68566978093026e-05,-3.01725452701768e-06,-1.72661566515028e-05,-0.000182868987191964,-0.000155853313178278,-0.000238785315585701,-0.000317121762179494,0.000218843067733165,-0.000338191513631849,-0.000148861436273821,-9.3597424802953e-05,0.0355721562129531,0.105929956343659,0.832150927487064,-0.000156276102231896,-0.000314165274274527,-0.00023278390113802,-0.000208418377930017,-3.70128009945309e-13,0,0,0,-9.27884960782557e-09,-0.000181264489216974,-3.11918761111054e-05,-4.41768919532896e-07,-7.58057024821225e-05,-0.000153732412346635,0.0153249371905964,-3.76865798308287e-05,-5.15271639348305e-05,-2.36686819703153e-05,-0.00016089290910489,-0.000169249337113224,-1.69860709474904e-05,-3.14417442626776e-05,-6.44085779934898e-05,-0.000112196046947225,-0.000227359247218936,-0.000203255435765072,-0.000316933636190257,-6.96981097395856e-05,-0.000102519848373063,-4.64226688030209e-05,-0.000183029745481377,-7.85136969629762e-05,-3.55428704205757e-06,-1.58652763710164e-06,-0.000165177153597956,-3.32267954764596e-05,-0.000157316401631136,0.00039754013752967,-3.24453820982312e-06,-3.0155204162479e-06,-1.41360952316131e-05
"CBA.AX",-1.246284705561e-10,-1.409947889282e-10,-2.19484793215753e-10,-2.09348567112276e-10,-1.18493998284694e-10,1.02714159458434e-07,-1.73143619137717e-10,-1.60524974937983e-10,-1.55251289920657e-10,-2.8513334164958e-10,9.94556184613696e-07,-1.35514384392402e-10,0.000374208753094677,0.00703670010156351,-6.29765196372943e-07,-5.43027673298197e-07,-5.78650847642424e-07,-9.82385161409629e-08,0.000185132670614316,-1.92062372854081e-08,-2.14836536727758e-07,-5.0354077948522e-08,-4.43493496909134e-07,-2.12364770199221e-08,-1.25728515107387e-10,-2.67802843187039e-10,-1.64561166853754e-10,-2.17836501867372e-10,0.00485261048114706,-2.40878861761673e-10,-7.14669721124542e-10,9.69884799033197e-05,0.0173951284121041,0.0875618215649049,0.000156276102231896,0.865254173391292,-1.80162161707124e-10,-1.4227812806999e-10,1.66911688843939e-05,-2.48556917957596e-19,0,0,0,-6.1125409200273e-14,-1.48639109988827e-09,-2.39519473865716e-09,-3.22876602238872e-13,-1.90166147758561e-10,-1.01381007068566e-10,0.0166073243000358,-2.4606930823491e-11,-3.53641162810255e-11,-1.55183116301129e-11,-1.11593518634684e-10,-1.07715209287166e-10,-2.6273824600656e-06,-7.5235127010048e-07,-4.23499449890686e-11,-7.37595514108862e-11,2.21991482457135e-09,3.23674579106228e-10,-2.14348554155133e-10,-4.76212878875839e-11,-4.77022899016769e-05,-1.13836965960647e-10,6.85805852849932e-10,3.44377745627143e-07,-5.07005173024023e-09,-1.05223698711881e-12,-1.10548580537451e-10,-2.34397207826871e-11,-1.02957665362658e-10,0.000459181784871967,-8.06027732362326e-07,-1.99999170716286e-12,-9.34423008723531e-12
"ANZ.AX",0,0,0,0,0,2.19314966837113e-07,0,0,9.71788839124257e-13,0,2.11998632651086e-06,1.50351798077217e-12,0.000324328636220332,0.00932907737646686,0,0,0,0,0.000395272492940835,0,0,0,0,0,0,0,0,0,0.000350797915417914,0,0,6.98711371168454e-06,0.0160097769321257,0.186500254807039,0.000314165274274527,1.80162161707124e-10,0.781365576133326,0,4.80374170087208e-06,0,0,0,0,0,7.49282375472433e-14,0,0,1.10069710784123e-16,0,0.00497022090223749,0,0,0,0,0,0,3.77342314232024e-14,0,0,8.20876246642776e-10,1.63249603981483e-10,6.0245285318338e-17,0,3.21558769118421e-06,1.11494819804953e-10,1.50843047453095e-09,1.79072277244336e-07,0,0,0,0,2.78611793843948e-15,0.000422997731458652,4.1950143510894e-09,0,0
"WBC.AX",0,0,0,0,0,1.66947744222775e-07,0,0,2.20453585345405e-12,0,1.61378377453364e-06,1.23207082538468e-12,0.000172589014585744,0.00876663750543,0,0,0,0,0.000300948922951419,0,0,0,0,0,0,0,0,0,0.000294487506995211,0,0,5.86675888079689e-06,0.00851576626701908,0.141997438350358,0.00023278390113802,1.4227812806999e-10,0,0.827230284049375,1.17105188000033e-05,0,0,0,0,0,5.7029524680348e-14,0,0,1.88224760895292e-16,0,0.0119419787147752,0,0,0,0,0,0,6.45149796151914e-14,0,0,1.85144924370802e-09,3.59207759341615e-10,1.03022478603155e-16,0,2.5396580576805e-06,1.90595157617311e-10,1.23782113232688e-09,4.30665686865201e-07,0,0,0,0,4.76440229608106e-15,0.000524750456169383,3.19334422541577e-09,0,0
