"","tables.JPM","tables.BAC","tables.C","tables.WFC","tables.GS","tables.MS","tables.BK","tables.USB","tables.PNC","tables.COF","tables.STT","tables.AXP","tables.FITB","tables.RF","tables.X8306.T","tables.X8411.T","tables.X8316.T","tables.X8308.T","tables.X8604.T","tables.X8309.T","tables.X8331.T","tables.X8377.T","tables.X8355.T","tables.X8418.T","tables.TD.TO","tables.RY.TO","tables.BNS.TO","tables.BMO.TO","tables.CM.TO","tables.NA.TO","tables.UCG.MI","tables.ISP.MI","tables.UNI.MI","tables.MB.MI","tables.NAB.AX","tables.CBA.AX","tables.ANZ.AX","tables.WBC.AX","tables.MQG.AX","tables.X600036.SS","tables.X600000.SS","tables.X600016.SS","tables.X600015.SS","tables.HSBA.L","tables.BARC.L","tables.LLOY.L","tables.STAN.L","tables.SAN.MC","tables.BBVA.MC","tables.SAB.MC","tables.SHB.A.ST","tables.SEB.A.ST","tables.SWED.A.ST","tables.BNP.PA","tables.ACA.PA","tables.X055550.KS","tables.X024110.KS","tables.UBSG.SW","tables.CSGN.SW","tables.KBC.BR","tables.ITUB4.SA","tables.BBDC4.SA","tables.DBK.DE","tables.CBK.DE","tables.BIRG.IR","tables.SBIN.NS","tables.BANKBARODA.NS","tables.D05.SI","tables.U11.SI","tables.EBS.VI","tables.DANSKE.CO","tables.INGA.AS","tables.DNB.OL","tables.SBER.ME","tables.ISCTR.IS","tables.SBK.JO"
"JPM",0.997907810656706,1.06472154071199e-10,0,0,0,0,1.15557958638113e-10,0,0,2.28088204836166e-06,8.60466231575084e-08,0,8.15177634793109e-11,1.94365039032743e-07,0,0,0,2.62399613770698e-11,7.42532126340175e-09,6.4725058121117e-09,5.20601932289254e-09,0,0,0,0,0,0,0,0,0,1.32307448383548e-08,4.15621284393631e-11,1.61885910573643e-09,1.18145080265504e-11,0,0,0,1.97592257182682e-09,0,2.2087743296844e-13,0,0,0,0,4.73852889717774e-13,1.34843455584528e-09,1.07920264177567e-05,1.04542326713966e-10,0,3.56372291380611e-07,0,0,1.05589586507062e-05,3.28290742903479e-12,0,1.83928852026932e-07,5.98070057637339e-08,0,9.95164921317658e-11,0,7.79922635362921e-11,2.5241407431079e-07,2.14697406862353e-09,1.13760305745331e-08,1.49250572662843e-05,0.00204012037855168,4.04554588138855e-09,0,1.0991701042396e-06,6.06623338690341e-06,2.98483614298663e-10,1.46469186106882e-08,5.08009990742438e-06,0,5.50149931699113e-10,6.25919714911322e-08
"BAC",-1.06472154071199e-10,0.988111744130232,-7.54469311399242e-08,-1.71376501611991e-12,-6.50338998252507e-11,-3.24278223408322e-10,1.62919967788718e-10,-1.18167053624288e-10,-9.23687629296682e-12,1.03534664234963e-05,4.06816268688948e-06,0,2.90278348541011e-08,9.00563005155308e-07,-2.26322495150792e-09,-1.70156397029705e-08,-8.54101873895461e-09,4.18568430187639e-07,4.97100620081255e-06,2.71803507841008e-08,1.8892280000871e-06,-1.84567794081505e-09,-3.52465386540966e-11,-7.55003735156132e-10,0,0,0,0,0,0,1.84784978083179e-05,2.78664469821876e-08,1.23982018737624e-08,7.92135470210153e-09,-8.64682283779748e-12,-9.27210804183229e-12,-0.000694234859643016,9.55365475686397e-09,-4.65520235140204e-10,-1.00745621600294e-10,-2.13152965555659e-09,0,-3.83743557034325e-10,-3.15158486197295e-11,-1.55283341805886e-09,6.11589778295394e-09,4.90729358057218e-05,5.2701097434456e-10,-2.83649839566149e-13,1.87384643579824e-06,-3.95299793326014e-10,-9.46354641387429e-10,4.81493919958695e-05,2.1999057936282e-09,-1.53687190792004e-11,8.78447542067871e-07,4.38712820984902e-06,-2.71192878499609e-10,6.67416058519655e-08,-3.08068800695366e-12,1.93608966041985e-09,1.30100995656672e-06,1.06231469227792e-06,0.00231781724902303,7.21665500578787e-05,0.00927608276755521,1.58116362521242e-08,-2.33457008200516e-09,-8.70602388217284e-05,2.75837119613802e-05,5.00611533413095e-09,6.93259746606663e-08,2.309838093712e-05,0,2.88877749291383e-09,1.24285944343026e-05
"C",0,7.54469311399242e-08,0.994840366165786,0,0,0,3.24929274305869e-10,0,0,8.86299934845322e-06,1.96526833933966e-07,0,1.93464892557709e-10,4.31427897329547e-07,0,0,0,2.31542322914719e-09,1.39226024054311e-07,1.28426541667065e-08,1.23563889070039e-08,-0.014188466837826,0,-0.00254756058371006,0,0,0,0,0,0,5.53725520047267e-07,7.80093547834634e-10,4.03261639320666e-08,2.21750469199351e-10,0,0,0,5.58719903981433e-09,-0.00606717976762225,8.10998622073326e-11,0,0,0,0,1.33989285728104e-12,9.07594803958919e-09,2.59375895432198e-05,5.81263289828476e-10,0,8.65224469751183e-06,-2.29968155964911e-05,-1.15881936330849e-05,2.09513081996084e-05,6.16179921407236e-11,0,5.19071943638481e-07,1.85901867995335e-07,0,1.86699621678002e-09,-6.11845252371052e-06,9.54290495744174e-07,8.22258568216254e-07,7.89689000576902e-07,1.14689010979627e-06,4.2202684367276e-05,0.00404797790099193,0.000197305482808965,-0.000479370088256915,0.000778879806417624,1.20365646263004e-05,6.54350385722008e-10,4.14267294623721e-08,1.00798621333463e-05,0,6.24639182145843e-07,1.79599292127104e-07
"WFC",0,1.71376501611991e-12,0,0.997513832522544,0,0,1.04712317395279e-11,0,0,9.10566240814594e-07,1.31149861003974e-08,0,1.60911014934083e-11,4.15960580968958e-09,0,0,0,2.47963259454416e-10,2.10977828112097e-07,9.20050637220633e-13,1.02729612520183e-09,0,0,0,0,0,0,0,0,0,1.94783582227152e-08,1.18237343646207e-09,5.33460822859668e-08,3.36103105880185e-10,0,0,0,1.85543924372709e-10,0,0.000543361695749631,0,0,0,0,4.44965636245079e-14,2.26982851440171e-09,4.56998423230769e-07,1.87221103842999e-07,0,1.14437579997332e-05,0,0,2.5501554006592e-09,9.33932568953441e-11,0,1.70666512775046e-08,2.45011927896094e-08,0,2.8350300079481e-09,0,0.00167553608272823,1.76963650320545e-07,9.80671183793194e-07,1.1909449543771e-06,1.4014971290514e-06,2.89998270381968e-07,0.000248551518518171,0,1.76921350483837e-08,1.03712602713785e-09,1.63855546137844e-11,5.53940640087973e-07,7.22123593651185e-10,0,7.40438533414005e-07,1.23129281554989e-08
"GS",0,6.50338998252507e-11,0,0,0.99913059778524,0,4.18632967390201e-11,0,0,7.82122197506913e-07,2.68283561823309e-07,0,1.91872373692813e-09,6.78504873767415e-08,0,0,0,2.75106982269961e-08,3.22215997624679e-07,2.21317398924777e-09,1.22472846025348e-07,0,0,0,0,0,0,0,0,0,1.19730028419456e-06,1.80577983843302e-09,8.8614472046616e-10,5.13313470614854e-10,-0.000861528548418673,0,-0.00050183510381745,7.14990887655936e-10,-0.0405719935354411,1.5269180809713e-11,0,0,0,0,1.71463080010705e-13,1.21017397258399e-09,3.69037756282153e-06,3.94156984058663e-11,0,1.39210611569484e-07,0,0,3.62019556449345e-06,1.42634852193432e-10,0,6.65765598977561e-08,2.82268643201221e-07,0,4.3474182541197e-09,0,1.2907795423074e-10,9.70530319991873e-08,1.48677893960034e-07,0.00015002616203229,5.40065427142025e-06,0.000697587841665849,1.51077110303067e-09,-0.00704472383734266,6.7138042400422e-07,2.07435667641681e-06,3.42413369473691e-10,5.19994358939016e-09,1.73706216792465e-06,0,2.44028867436489e-07,8.07516400314261e-07
"MS",0,3.24278223408322e-10,0,0,0,0.993148082224566,3.51984833558396e-10,0,0,7.0142435418862e-06,2.63573402724224e-07,0,6.10041904386132e-06,2.03012398635091e-06,0,0,0,1.13308540777315e-09,2.89789478974122e-07,1.9920415406322e-08,0.000389387921403817,0,0,-0.00432817967940654,0,0,0,0,0,0,3.5673591038991e-08,1.62386066568229e-09,5.12312570819258e-08,4.6160087534239e-10,0,0,0,6.03887672264824e-09,0,1.72676816623822e-12,0,0,0,0,1.44821845777674e-12,4.1773429109217e-09,3.3214721075895e-05,4.28896741221036e-10,0,1.10659918290055e-05,0,-1.96877689678742e-05,3.24838720370452e-05,1.28265429208309e-10,0,5.60878226956577e-07,2.5945907005258e-07,0,3.95508041407101e-09,0,8.4890721850726e-11,1.03747996633896e-06,1.67933545995815e-08,5.64111525842184e-06,4.56145036898277e-05,0.0062788735283982,1.16889543644615e-08,0,3.34770100462493e-06,1.86735682080012e-05,1.66674641374164e-09,4.69009686971378e-08,1.56350111377491e-05,0,1.36745978256136e-08,2.07613450966246e-07
"BK",-1.15557958638113e-10,-1.62919967788718e-10,-3.24929274305869e-10,-1.04712317395279e-11,-4.18632967390201e-11,-3.51984833558396e-10,0.991573804011893,-1.2369201343035e-10,-1.00251054176498e-11,8.59086117211235e-06,8.3135241372147e-08,0,8.10395752039845e-06,2.62442397584108e-06,-2.13580453509513e-08,-4.21261326231581e-09,-1.75230797054348e-08,-1.54572016987402e-08,3.80645071506488e-07,1.73326969753564e-08,0.000517305720504169,-1.69005474700836e-09,-6.0990492216255e-09,-3.01057991539322e-09,0,0,0,0,0,0,4.54309030362997e-08,2.14088466434214e-09,5.84615040233183e-08,6.08570831200106e-10,-0.000536728283681373,-1.51868855688031e-09,-8.1292332251118e-11,7.42817374120666e-09,-1.24359336609364e-11,-2.78670701258958e-10,-0.000541110793154868,0,-3.35073331346419e-12,-3.42052545382744e-11,-1.80326955817587e-07,3.33379057428034e-09,4.06321520093446e-05,3.26119923570684e-10,-8.04883389324172e-11,1.45925652826919e-05,-8.9062281158948e-12,-2.02659465276883e-05,3.97553135444962e-05,1.68053879509828e-10,-7.58450148225842e-10,-0.000580685259677113,2.27091271359001e-07,-2.95858379914589e-09,3.80247049954512e-09,-4.4450482294113e-10,8.44688765262895e-11,1.13492130654567e-06,1.88170288859646e-08,7.41333963453664e-06,4.9438888837663e-05,0.00768118564102221,-2.64475539848945e-08,-2.25299589233666e-11,4.0936615450477e-06,2.28381410810871e-05,-0.000199449842864412,5.63884845337424e-08,1.91214062521429e-05,0,1.79403163118381e-08,2.51766874791773e-07
"USB",0,1.18167053624288e-10,0,0,0,0,1.2369201343035e-10,0.997678509648055,0,2.52048180683668e-06,1.30317441459847e-07,0,1.00844443720831e-10,2.16427898019881e-07,0,0,0,3.31512042961019e-11,7.38005125039619e-09,7.18379544344319e-09,6.43835589941046e-09,0,0,0,0,0,0,0,0,0,1.3250707853408e-08,4.132562113027e-11,1.6858319830954e-09,1.17472781322562e-11,0,0,0,2.10266879479083e-09,0,2.58547554499421e-13,0,0,0,0,5.04246982059855e-13,1.49658914408392e-09,1.19780098775412e-05,1.54121994321683e-10,0,3.89243586632524e-07,0,0,1.17012343907063e-05,3.26422620092647e-12,0,1.95729805676273e-07,6.31011587766469e-08,0,9.72608541706049e-11,0,8.27145701897808e-11,3.7381466231284e-07,2.51166960539665e-09,1.19976989386018e-08,1.58824331937919e-05,0.00226431739007388,3.64774230889247e-09,0,1.21990293887177e-06,6.73767185907769e-06,3.71334518671216e-10,1.59049222603008e-08,5.63837246756907e-06,0,5.72903578977318e-10,5.09094597136182e-08
"PNC",0,9.23687629296682e-12,0,0,0,0,1.00251054176498e-11,0,0.999818494381803,1.97875449251048e-07,7.46488150321392e-09,0,7.07198519186718e-12,1.68619282373357e-08,0,0,0,2.27641940079601e-12,6.44175695926215e-10,5.6151522445958e-10,4.51642562168852e-10,0,0,0,0,0,0,0,0,0,1.14781892412892e-09,3.60567739251404e-12,1.40442366606304e-10,1.0249548349565e-12,0,0,0,1.71419020490938e-10,0,1.91619822293934e-14,0,0,0,0,4.11085937123149e-14,1.16981977965576e-10,9.36250551525314e-07,9.06945621284304e-12,0,3.09166917720344e-08,0,0,9.16031010078978e-07,2.84805074789584e-13,0,1.59565481482048e-08,5.18849194431575e-09,0,8.63344538250283e-12,0,6.76613426653745e-12,2.18979093580973e-08,1.86258407647334e-10,9.86915198989049e-10,1.29480716189816e-06,0.000176988431612279,3.50966946896921e-10,0,9.53573107105474e-08,5.26269500677349e-07,2.58946223527205e-11,1.27067754438037e-09,4.4071855979745e-07,0,4.77276608707538e-11,5.43009862663128e-09
"COF",-2.28088204836166e-06,-1.03534664234963e-05,-8.86299934845322e-06,-9.10566240814594e-07,-7.82122197506913e-07,-7.0142435418862e-06,-8.59086117211235e-06,-2.52048180683668e-06,-1.97875449251048e-07,0.99863313612665,-1.54203750706376e-05,0,1.00802883036869e-05,-3.17717007023255e-05,-2.54142178667065e-06,-7.2395960648025e-07,-8.80851649658147e-07,-1.58835149419001e-06,-0.00513471671176865,-0.00828290593957505,0.00127404541311251,-7.25990172268947e-06,-3.49980147710003e-06,-4.99069191959694e-06,0,0,0,0,0,0,2.17189665241326e-07,5.48910274762214e-09,7.99831308790628e-08,1.56033992736815e-09,-0.00461911451753048,-0.00159394147968869,-0.00706077608702755,-0.0469105353444777,-0.0122824869661361,-2.45270263667266e-05,-9.56887881371322e-05,0,-2.07002426114961e-07,-6.7514303606138e-07,-0.00313927613779406,-0.00478466535003827,-6.25582623402656e-07,-2.26839904385544e-08,-5.71986707089044e-09,-6.26770562826941e-05,-1.17739042013941e-08,-2.88183890117885e-06,1.5797287333912e-08,-1.30584319371099e-06,-4.40217013820285e-05,-2.69255839746611e-06,-1.07307771557167e-06,-6.15352756356626e-06,-7.48203857913646e-06,-4.26385957655796e-08,2.33386177772538e-10,1.36956392760159e-07,-2.26011445065951e-06,1.79472344149346e-05,-8.50568246727025e-06,-0.00108710748381686,-0.0034538438689834,-8.22961370380766e-10,-4.58240572887598e-08,-2.61702527385391e-06,-1.7854718263701e-07,-6.65210323636653e-05,-1.43338143188205e-06,0,-1.982471140364e-05,7.66305808527816e-08
"STT",-8.60466231575084e-08,-4.06816268688948e-06,-1.96526833933966e-07,-1.31149861003974e-08,-2.68283561823309e-07,-2.63573402724224e-07,-8.3135241372147e-08,-1.30317441459847e-07,-7.46488150321392e-09,1.54203750706376e-05,0.98148877096676,0,3.8474559882528e-05,1.43646153296512e-05,-0.0714456990329864,-0.0205276919868591,-0.0711503804754075,-0.0306207966287258,-0.0065665810164519,-0.0345457938161873,0.00253198680177593,-0.00757104975630179,-0.0299346634158223,-7.25834562137818e-06,0,0,0,0,0,0,-7.33231210995931e-05,1.5001717295335e-08,4.28723622133273e-07,4.2644088754106e-09,-0.000546596171650521,-0.000141822144587439,-6.83366822784424e-06,-2.65005047842496e-08,-5.91415875338967e-07,-2.09339257479338e-05,-4.23760205027316e-05,0,-3.712906366308e-06,-2.54698740091002e-08,-0.000253884755773719,-0.000218589995763248,6.35670629585946e-05,-0.000703852291898499,-0.000394735498350082,9.32823606021353e-06,-3.88840159556236e-06,-0.000517683231927262,7.14872083937966e-05,-2.01109559053691e-06,-0.00373044260746018,-0.00331477177755653,-0.0110288195868838,-0.0130935856162265,-0.00510172585374834,-0.00220596004559855,0.000414978539421612,2.29284881628309e-05,-0.000131876541616347,-0.00143668193830528,0.000132091131299773,0.0138051707034092,-5.22304137614277e-06,-2.21167464586757e-05,3.84314957402299e-06,-0.00855606849831767,-0.0016727858139186,-0.00707369648258212,-0.00110924124920724,0,-1.43132455825648e-06,-0.00170708519947402
"AXP",0,0,0,0,0,0,0,0,0,0,0,1,0,0,0,0,0,0,0,0,0,0,0,0,0,0,0,0,0,0,0,0,0,0,0,0,0,0,0,0,0,0,0,0,0,0,0,0,0,0,0,0,0,0,0,0,0,0,0,0,0,0,0,0,0,0,0,0,0,0,0,0,0,0,0,0
"FITB",-8.15177634793109e-11,-2.90278348541011e-08,-1.93464892557709e-10,-1.60911014934083e-11,-1.91872373692813e-09,-6.10041904386132e-06,-8.10395752039845e-06,-1.00844443720831e-10,-7.07198519186718e-12,-1.00802883036869e-05,-3.8474559882528e-05,0,0.984691234890146,3.94766551692748e-05,-4.50465752057469e-06,-9.60116336061727e-07,-6.39049080617856e-06,-3.38058492306882e-06,5.01012108495797e-06,-4.01321921394196e-06,-0.00945042001828753,-6.23803767508423e-07,-1.2250957777104e-06,-3.29781277224185e-08,0,0,0,0,0,0,-2.59747176671076e-05,3.00877596303052e-08,5.95473128920711e-07,8.5527881030389e-09,-3.47768000195795e-07,-1.39466161046734e-07,-1.44083659217787e-07,-9.30934763037491e-07,-2.46467844822549e-07,-3.38731660475174e-08,-2.40566721220823e-07,0,-3.17001758526473e-08,-2.41293276729884e-11,-3.77861954710438e-07,-1.1049690038367e-07,2.50383303962807e-05,-2.75254340231365e-08,-4.53929668927046e-08,0.000136002486297469,-2.90050114597054e-05,-1.02974257656973e-07,4.598407261031e-05,2.25942976896481e-09,-1.54880624735073e-07,-1.87189895922809e-07,7.39546188509049e-07,-5.34961183344558e-07,-1.36891438914454e-07,-1.86175480831213e-05,8.00763932711343e-10,2.90934920626721e-06,7.37863623041457e-07,0.000792495552459788,6.79392455464175e-05,0.00887000731226645,8.80465014520972e-08,-1.89762110537804e-07,6.1991050023858e-06,2.6022931952583e-05,-1.21930293232811e-07,-2.15524656975994e-07,2.19936032331203e-05,0,6.12896519732468e-08,4.34454892175693e-06
"RF",-1.94365039032743e-07,-9.00563005155308e-07,-4.31427897329547e-07,-4.15960580968958e-09,-6.78504873767415e-08,-2.03012398635091e-06,-2.62442397584108e-06,-2.16427898019881e-07,-1.68619282373357e-08,3.17717007023255e-05,-1.43646153296512e-05,0,-3.94766551692748e-05,0.985797917561617,-0.00616888268650746,-3.81213842166697e-07,-0.000371883603135134,-0.00944706240635886,1.92128845207263e-06,-2.24391397117599e-06,-0.00864316481024911,-4.86362050134805e-07,-5.05026242182962e-07,-0.0220045315754776,0,0,0,0,0,0,-8.66238725711715e-05,1.15602771615499e-08,5.06742387981184e-07,3.28614035042839e-09,-2.23584232380447e-07,-1.42207643327411e-07,-0.000666179792568563,-5.29245607689801e-07,-9.92281509007809e-08,-3.13757780790698e-07,-1.74512487699176e-07,0,-3.19866999490615e-08,-5.75322177010478e-08,-2.8214299401948e-07,9.14209667993457e-09,-0.00790770350889155,-1.10774416302812e-09,-5.97363432160187e-08,0.000107480637013496,-1.70200271608929e-05,-0.00010001709027077,5.2888450278323e-05,-2.20554598401543e-11,-6.92490171261162e-08,1.29300961787636e-06,-2.70461512204951e-09,-8.94296802964191e-07,-7.0364202302895e-07,-1.08584623858456e-05,1.3407279408907e-05,2.03276779574747e-05,1.03658374851056e-05,-1.26017227858013e-05,0.00016133158566352,0.0101332665820756,0.00281442945611525,-1.6780130612559e-07,4.13398014230599e-05,3.01179768009391e-05,0.000507534017517107,6.54019360621367e-06,2.5411291757109e-05,0,9.10316869214583e-06,2.93860109299317e-05
"X8306.T",0,2.26322495150792e-09,0,0,0,0,2.13580453509513e-08,0,0,2.54142178667065e-06,0.0714456990329864,0,4.50465752057469e-06,0.00616888268650746,0.897316543507581,0,0,2.522546331212e-06,0.000122931673046939,8.65774338578568e-09,0.00028753094771776,0,0,0,0,0,0,0,0,0,0.000148038813306089,6.88946136908283e-07,1.70065326978986e-05,1.95840780296875e-07,0,0,0,4.0683589701198e-09,0,1.22168863578071e-09,0,0,0,0,9.75535235458877e-13,1.59672881987675e-08,1.55744414695618e-05,2.02064528220039e-08,0,0.0035051157516362,0,0,1.41267163542969e-05,5.4418444771441e-08,0,3.86637706314101e-07,2.2846933133566e-05,0,0.00472669709632437,0,3.02844574062888e-05,4.94627039634423e-05,1.19010507983111e-05,0.0130993101568355,3.07302105446361e-05,0.00272890283373129,1.7773293561109e-05,0,2.33645083185163e-05,8.12152696261052e-06,0.000102243717494757,8.45669874529822e-06,6.79523551610136e-06,0,4.23664196090643e-06,7.64546189154246e-05
"X8411.T",0,1.70156397029705e-08,0,0,0,0,4.21261326231581e-09,0,0,7.2395960648025e-07,0.0205276919868591,0,9.60116336061727e-07,3.81213842166697e-07,0,0.961321182402171,0,2.74030477633071e-07,7.27915104710127e-05,1.80581350341992e-09,6.1283941767403e-05,0,0,0,0,0,0,0,0,0,9.43954659626932e-05,4.07945553032926e-07,5.43566129263014e-05,1.15963166268895e-07,0,0,0,1.37706767553269e-09,0,1.33718375078198e-06,0,0,0,0,3.30154893073056e-13,1.32988785213303e-08,3.03311564103845e-06,1.95838958840229e-08,0,0.00352295771611916,0,0,3.5317146867264e-06,3.22227839858439e-08,0,1.39475097820215e-07,0.000140251475109089,0,9.87505443873747e-07,0,8.68080219115251e-06,4.69241222384195e-05,0.0130204347436329,0.000316737074145762,1.04016296911596e-05,0.000569188683977232,1.23690430647995e-08,0,0.000175661726469385,1.69463737230749e-06,1.99570631831562e-05,1.00937180868916e-08,1.41733561588819e-06,0,4.20831819355436e-06,1.77785485175112e-05
"X8316.T",0,8.54101873895461e-09,0,0,0,0,1.75230797054348e-08,0,0,8.80851649658147e-07,0.0711503804754075,0,6.39049080617856e-06,0.000371883603135134,0,0,0.871207452166234,9.76348746477823e-06,0.000113857157935491,7.07518553600288e-09,0.00040790312396608,0,0,0,0,0,0,0,0,0,0.000426850851590151,6.3808981283692e-07,2.3460007143706e-07,1.81384291384894e-07,0,0,0,2.0340679589631e-08,0,5.33637851382614e-09,0,0,0,0,4.87784966478988e-12,2.03639372196088e-09,1.21827229019412e-05,1.17737666448116e-09,0,2.00796792533377e-05,0,0,1.16004950563086e-05,5.04014078588378e-08,0,1.89346455312465e-06,9.35962264363889e-05,0,1.53779975688864e-06,0,3.00935622015593e-05,8.67005066594879e-06,5.19630954345069e-05,0.0532223260516479,0.000153642147982891,0.00223008386236819,1.08829600080036e-06,0,8.81735971146929e-05,6.63651896114489e-06,7.65834463779373e-05,2.1504379016661e-08,5.5531274022498e-06,0,3.54225587256214e-08,0.000287710210183292
"X8308.T",-2.62399613770698e-11,-4.18568430187639e-07,-2.31542322914719e-09,-2.47963259454416e-10,-2.75106982269961e-08,-1.13308540777315e-09,1.54572016987402e-08,-3.31512042961019e-11,-2.27641940079601e-12,1.58835149419001e-06,0.0306207966287258,0,3.38058492306882e-06,0.00944706240635886,-2.522546331212e-06,-2.74030477633071e-07,-9.76348746477823e-06,0.914537464488261,0.000116275049602898,-2.55027893821528e-06,0.000220762514163023,-8.49757937225141e-07,-1.23960068244505e-07,-6.24921708969665e-08,0,0,0,0,0,0,-0.0018494948988497,6.53116078109618e-07,4.27932172243168e-06,1.8565567830225e-07,-3.42790800672604e-07,-9.74687630069234e-07,-2.19410978356474e-08,6.98378169050061e-08,-1.28819590982685e-09,-4.57780927268063e-07,-2.47616260536739e-06,0,-4.46779009253219e-07,-7.76705099808793e-12,-1.72233396019742e-06,-1.50943452236892e-08,7.2800934545616e-05,4.31078120216284e-06,-1.64242059615089e-06,0.000750732633115501,-4.39018146125061e-07,-4.14242294475719e-07,1.13595517107287e-05,5.15074914096532e-08,-2.34064221248748e-09,1.61943861314697e-06,7.06700702886584e-05,-1.15302957346829e-10,0.000855834940486818,-6.11398044052313e-09,1.30685190158142e-05,4.06169745668984e-05,3.14382289764223e-05,0.0395275342498391,0.000528460060156498,0.00218616111144561,2.71034777176535e-05,-2.67398217626818e-06,6.35722935863264e-05,6.50603000327143e-06,5.856354360114e-05,3.02103135551249e-07,5.31629928649034e-06,0,-4.50514900610121e-06,0.000235406917034518
"X8604.T",-7.42532126340175e-09,-4.97100620081255e-06,-1.39226024054311e-07,-2.10977828112097e-07,-3.22215997624679e-07,-2.89789478974122e-07,-3.80645071506488e-07,-7.38005125039619e-09,-6.44175695926215e-10,0.00513471671176865,0.0065665810164519,0,-5.01012108495797e-06,-1.92128845207263e-06,-0.000122931673046939,-7.27915104710127e-05,-0.000113857157935491,-0.000116275049602898,0.966259001739679,-8.06482915005651e-05,-0.000695478800794434,-0.00342156958742041,-0.000668447077645222,-0.000382739448070582,0,0,0,0,0,0,0.000116614414558669,0.00541520659593766,7.38350047939146e-05,0.00153933410524137,-1.13484339421012e-06,-1.38942965354095e-06,-2.21364391522687e-08,-9.6292805649032e-08,-8.44830236600896e-08,-0.000162895478805478,-5.89949441478766e-05,0,-5.19141957124588e-06,-2.19790144128895e-09,-0.000219376825217637,-2.11861673347411e-05,-1.65393665772512e-05,-2.48782853346627e-09,-4.49067324777732e-09,-0.0187303156520433,-6.63678830362165e-06,-0.000577565986105686,2.12416253779753e-06,0.000131761503305012,-0.00851798168445268,-0.000611161144489809,-2.55391333622581e-05,-6.0605445569194e-08,0.0129287223107845,-2.87854021103224e-06,2.77809129273539e-06,4.02476612422428e-07,0.00105923435380121,-0.00207149061964405,-0.000454420016368431,0.000398137459590483,-0.000655615070249079,-3.10562210384914e-05,-7.96051864638255e-06,9.56213378450224e-07,5.44325236489826e-06,-0.0129396917986068,-8.01572015481459e-07,0,-9.26012996043294e-07,6.49680941911162e-07
"X8309.T",-6.4725058121117e-09,-2.71803507841008e-08,-1.28426541667065e-08,-9.20050637220633e-13,-2.21317398924777e-09,-1.9920415406322e-08,-1.73326969753564e-08,-7.18379544344319e-09,-5.6151522445958e-10,0.00828290593957505,0.0345457938161873,0,4.01321921394196e-06,2.24391397117599e-06,-8.65774338578568e-09,-1.80581350341992e-09,-7.07518553600288e-09,2.55027893821528e-06,8.06482915005651e-05,0.940696336405524,0.00025795626043835,-7.67667675324771e-09,-1.65185480520657e-09,-8.3647909649907e-09,0,0,0,0,0,0,0.000127683793357423,4.51984462745015e-07,3.50003367967512e-06,1.28481727560411e-07,-1.15022281801346e-10,-1.4108756450415e-11,-2.53724355725442e-10,1.68411875705021e-09,-3.46854188748136e-10,-2.45277046981521e-10,-2.90979261413903e-10,0,-3.10263028660637e-11,-1.91586725322025e-09,-2.93628949257554e-10,3.07430345162082e-09,6.10906708601069e-06,4.73858724292458e-09,-1.62533484695775e-11,0.000662780619009,-5.12323819504843e-11,-2.37257063508067e-10,5.97226927281589e-06,3.56657911528355e-08,-1.57574051938887e-10,1.57411955777619e-07,2.37382162900621e-05,-1.75045524537227e-08,1.09839132091613e-06,-1.09835687592818e-10,1.46089377779868e-05,1.13890366886431e-05,1.3344533410694e-05,0.0136654977103613,1.27253385676179e-05,0.00114212776489502,1.02770671913088e-08,-4.0172789031249e-10,2.32196820614779e-05,3.48831902315559e-06,3.35855711487297e-05,0.000297224615823133,2.85161763704771e-06,0,7.79426661876305e-07,7.17629165237281e-05
"X8331.T",-5.20601932289254e-09,-1.8892280000871e-06,-1.23563889070039e-08,-1.02729612520183e-09,-1.22472846025348e-07,-0.000389387921403817,-0.000517305720504169,-6.43835589941046e-09,-4.51642562168852e-10,-0.00127404541311251,-0.00253198680177593,0,0.00945042001828753,0.00864316481024911,-0.00028753094771776,-6.1283941767403e-05,-0.00040790312396608,-0.000220762514163023,0.000695478800794434,-0.00025795626043835,0.935666910239613,-3.98172156938839e-05,-7.81974965415835e-05,-2.10499168509495e-06,0,0,0,0,0,0,-0.00174397250454225,4.02597137037985e-06,0.000113214372645366,1.1444281815213e-06,-2.21979270863742e-05,-8.90208320561299e-06,-9.19681729628301e-06,-5.99952029112081e-05,-1.57319685774802e-05,-2.16582957276028e-06,-1.53553039659245e-05,0,-2.02341312068595e-06,-1.54098616979188e-09,-2.41189644130041e-05,-7.36155900572374e-06,-0.00139204018949856,-1.70100008817551e-06,-2.89742153160052e-06,0.0242401867781759,-0.00185138117744962,-6.57282519595279e-06,4.08498509458604e-06,3.10526175033512e-07,-9.88598429544666e-06,-6.50278072087133e-05,-4.36629637374121e-05,-3.41464172775885e-05,-3.47664387214375e-06,-0.00118835250848515,1.78315990333137e-07,0.000317110545237692,1.09720367438474e-05,0.0135111302667881,1.47756650800423e-06,0.000806095353759782,2.38610836238265e-05,-1.21124620630411e-05,2.01928957611494e-05,-2.01128700411384e-05,-4.73955597749998e-06,-1.84579878390188e-05,-3.96626636422372e-06,0,2.25694126688077e-05,7.75821969670294e-05
"X8377.T",0,1.84567794081505e-09,0.014188466837826,0,0,0,1.69005474700836e-09,0,0,7.25990172268947e-06,0.00757104975630179,0,6.23803767508423e-07,4.86362050134805e-07,0,0,0,8.49757937225141e-07,0.00342156958742041,7.67667675324771e-09,3.98172156938839e-05,0.95446579681276,0,0,0,0,0,0,0,0,5.31193999429921e-05,1.91755069348433e-05,2.11212232253238e-05,5.45085608224809e-06,0,0,0,2.75966054768465e-09,0,8.42132269735159e-10,0,0,0,0,6.61747750832236e-13,1.74198457037357e-08,1.30104929387015e-05,3.24673685651252e-08,0,0.00423848205470158,0,0,1.25690418619014e-05,1.51463403188669e-06,0,2.59382935312529e-07,8.46661133654858e-06,0,4.58357557826972e-05,-0.000411591592668458,3.21891716719067e-06,7.83238934942733e-05,8.20427927257731e-06,0.00432722030989529,2.08450071464973e-05,0.00241967258436985,2.8423986973243e-06,0,1.90539403059234e-05,9.64746720117788e-06,7.3614866606458e-06,0.00895434678745442,6.02522206940702e-06,0,5.07545506098699e-06,2.31725538721568e-05
"X8355.T",0,3.52465386540966e-11,0,0,0,0,6.0990492216255e-09,0,0,3.49980147710003e-06,0.0299346634158223,0,1.2250957777104e-06,5.05026242182962e-07,0,0,0,1.23960068244505e-07,0.000668447077645222,1.65185480520657e-09,7.81974965415835e-05,0,0.93372799557575,0,0,0,0,0,0,0,3.70577022643114e-05,3.74617883311279e-06,0.000157846952225399,1.06489396849047e-06,0,0,0,1.16204524491241e-09,0,1.09544039357746e-10,0,0,0,0,2.78556913417937e-13,1.26719307816536e-07,2.75689160301967e-06,1.86174649586817e-07,0,0.034269635088262,0,0,2.66027749156239e-06,2.95902995912769e-07,0,1.34201662957379e-07,7.36906733034023e-06,0,8.94435926482629e-06,0,1.26581841203015e-05,0.000448574605866086,1.06424991124557e-06,2.82085420754248e-05,8.77746384813554e-06,0.000520661208868957,3.71544842347532e-08,0,3.63869412917625e-07,1.54908590744012e-06,2.91180205508125e-05,3.96793731280548e-09,1.29649747510548e-06,0,4.11045604597081e-05,9.16718798477509e-08
"X8418.T",0,7.55003735156132e-10,0.00254756058371006,0,0,0.00432817967940654,3.01057991539322e-09,0,0,4.99069191959694e-06,7.25834562137818e-06,0,3.29781277224185e-08,0.0220045315754776,0,0,0,6.24921708969665e-08,0.000382739448070582,8.3647909649907e-09,2.10499168509495e-06,0,0,0.94857309810238,0,0,0,0,0,0,1.85764221624705e-05,2.14498718782865e-06,8.37374137715907e-05,6.09737020191877e-07,0,0,0,2.89810907433916e-09,0,5.9832522197401e-09,0,0,0,0,0.000129379020795793,7.03557932774602e-08,1.51127699102725e-05,1.03116941649068e-07,0,0.0180486786772057,0,-0.00431481347538256,1.35609921653991e-05,1.69428146212018e-07,0,3.09270649803237e-07,9.66255413357769e-06,0,5.12137530327399e-06,0,3.61584080577839e-07,0.000248628759897584,5.82589308769918e-05,1.38227750713572e-05,2.18908672587308e-05,0.0026365647751777,7.48253477493304e-05,0,7.79431633804517e-06,8.03980941894612e-06,1.13649582884473e-05,0.000711182292469019,6.56530485107585e-06,0,2.19274243468718e-05,9.56832682577311e-07
"TD.TO",0,0,0,0,0,0,0,0,0,0,0,0,0,0,0,0,0,0,0,0,0,0,0,0,1,0,0,0,0,0,0,0,0,0,0,0,0,0,0,0,0,0,0,0,0,0,0,0,0,0,0,0,0,0,0,0,0,0,0,0,0,0,0,0,0,0,0,0,0,0,0,0,0,0,0,0
"RY.TO",0,0,0,0,0,0,0,0,0,0,0,0,0,0,0,0,0,0,0,0,0,0,0,0,0,1,0,0,0,0,0,0,0,0,0,0,0,0,0,0,0,0,0,0,0,0,0,0,0,0,0,0,0,0,0,0,0,0,0,0,0,0,0,0,0,0,0,0,0,0,0,0,0,0,0,0
"BNS.TO",0,0,0,0,0,0,0,0,0,0,0,0,0,0,0,0,0,0,0,0,0,0,0,0,0,0,1,0,0,0,0,0,0,0,0,0,0,0,0,0,0,0,0,0,0,0,0,0,0,0,0,0,0,0,0,0,0,0,0,0,0,0,0,0,0,0,0,0,0,0,0,0,0,0,0,0
"BMO.TO",0,0,0,0,0,0,0,0,0,0,0,0,0,0,0,0,0,0,0,0,0,0,0,0,0,0,0,1,0,0,0,0,0,0,0,0,0,0,0,0,0,0,0,0,0,0,0,0,0,0,0,0,0,0,0,0,0,0,0,0,0,0,0,0,0,0,0,0,0,0,0,0,0,0,0,0
"CM.TO",0,0,0,0,0,0,0,0,0,0,0,0,0,0,0,0,0,0,0,0,0,0,0,0,0,0,0,0,1,0,0,0,0,0,0,0,0,0,0,0,0,0,0,0,0,0,0,0,0,0,0,0,0,0,0,0,0,0,0,0,0,0,0,0,0,0,0,0,0,0,0,0,0,0,0,0
"NA.TO",0,0,0,0,0,0,0,0,0,0,0,0,0,0,0,0,0,0,0,0,0,0,0,0,0,0,0,0,0,1,0,0,0,0,0,0,0,0,0,0,0,0,0,0,0,0,0,0,0,0,0,0,0,0,0,0,0,0,0,0,0,0,0,0,0,0,0,0,0,0,0,0,0,0,0,0
"UCG.MI",-1.32307448383548e-08,-1.84784978083179e-05,-5.53725520047267e-07,-1.94783582227152e-08,-1.19730028419456e-06,-3.5673591038991e-08,-4.54309030362997e-08,-1.3250707853408e-08,-1.14781892412892e-09,-2.17189665241326e-07,7.33231210995931e-05,0,2.59747176671076e-05,8.66238725711715e-05,-0.000148038813306089,-9.43954659626932e-05,-0.000426850851590151,0.0018494948988497,-0.000116614414558669,-0.000127683793357423,0.00174397250454225,-5.31193999429921e-05,-3.70577022643114e-05,-1.85764221624705e-05,0,0,0,0,0,0,0.99527793255533,1.46147499098276e-08,3.38252579717055e-07,4.15440899201288e-09,-0.000151370507010463,-0.000436740077011043,-1.02421398492052e-05,-1.99009149975753e-08,-7.50854807383225e-08,-4.07098726761787e-05,-0.000107420087090143,0,-1.93219981709044e-05,-3.91631178207421e-09,-6.84712377135394e-05,-1.40528353851218e-06,6.73743282937902e-07,-4.72136261920371e-08,-0.000743240703249195,-0.000943870934129786,-1.82053497838322e-05,-1.89066680515626e-05,4.0509651869261e-07,-3.54179124935318e-08,-1.01356662113884e-06,-0.000306832308225628,-0.000125861222516382,-4.43422640239642e-08,2.04017839388059e-06,-4.16433279846237e-07,3.21452120195622e-08,-2.6482478869226e-06,-0.00285838003031013,-0.00752579797422348,-0.00125390169803298,7.27913538528288e-05,-1.02056343747276e-05,-0.000115278485562259,-0.000684319243379629,2.18376079787745e-07,-7.32880572600296e-06,-1.51235571772435e-06,-1.0179480139268e-05,0,-0.00199239131090477,1.05636421325653e-06
"ISP.MI",-4.15621284393631e-11,-2.78664469821876e-08,-7.80093547834634e-10,-1.18237343646207e-09,-1.80577983843302e-09,-1.62386066568229e-09,-2.14088466434214e-09,-4.132562113027e-11,-3.60567739251404e-12,-5.48910274762214e-09,-1.5001717295335e-08,0,-3.00877596303052e-08,-1.15602771615499e-08,-6.88946136908283e-07,-4.07945553032926e-07,-6.3808981283692e-07,-6.53116078109618e-07,-0.00541520659593766,-4.51984462745015e-07,-4.02597137037985e-06,-1.91755069348433e-05,-3.74617883311279e-06,-2.14498718782865e-06,0,0,0,0,0,0,-1.46147499098276e-08,1,-5.41522248701682e-11,0,-6.3599960590312e-09,-7.78677119833881e-09,-1.24058533190596e-10,-5.42837222090214e-10,-4.73468052880283e-10,-9.13525101945178e-07,-3.30625442052375e-07,0,-2.90942788506054e-08,-1.230242554624e-11,-1.22945378665884e-06,-1.18735028812375e-07,-1.04615003556602e-07,-1.43428862823881e-11,-2.51607019894356e-11,-0.000104975687064614,-3.71945468414739e-08,-3.23685319593336e-06,-1.50445560629983e-14,-1.6587307185455e-06,-4.77373359294575e-05,-3.42543816076153e-06,-1.97564619727927e-07,-3.39535354611931e-10,-2.31231458577991e-10,-1.61321266069347e-08,-1.59513575855308e-15,-3.16751817106737e-10,-1.69814937393678e-09,-1.16153002413732e-05,-2.57076369569306e-06,-1.98905759125264e-08,-3.67426799693011e-06,-1.74048412160669e-07,-1.23457561603579e-07,-1.33874687422455e-09,-5.2847319416704e-09,-7.2517951001232e-05,-1.00978830216906e-08,0,-5.19617793439572e-09,-2.9919439025841e-10
"UNI.MI",-1.61885910573643e-09,-1.23982018737624e-08,-4.03261639320666e-08,-5.33460822859668e-08,-8.8614472046616e-10,-5.12312570819258e-08,-5.84615040233183e-08,-1.6858319830954e-09,-1.40442366606304e-10,-7.99831308790628e-08,-4.28723622133273e-07,0,-5.95473128920711e-07,-5.06742387981184e-07,-1.70065326978986e-05,-5.43566129263014e-05,-2.3460007143706e-07,-4.27932172243168e-06,-7.38350047939146e-05,-3.50003367967512e-06,-0.000113214372645366,-2.11212232253238e-05,-0.000157846952225399,-8.37374137715907e-05,0,0,0,0,0,0,-3.38252579717055e-07,5.41522248701682e-11,0.998839905962015,1.53933862246148e-11,-2.59879980590404e-09,-1.04469472903432e-09,-2.93628842843103e-06,-6.95113884927527e-09,-1.87528437970915e-08,-2.27460526164859e-05,-4.55275359988131e-08,0,-4.53459220301494e-09,-4.79183679133067e-10,-4.74812902090121e-08,-5.89173273626544e-06,1.80559452854446e-07,4.43971198989273e-07,-0.000173922124425807,-0.00442314369970852,-1.84571882178576e-07,-5.06250141628307e-07,3.41278420632808e-07,-2.26210799316519e-08,-6.52741449345823e-07,1.10227454480986e-05,-1.57787137567227e-06,-1.17115586696966e-08,-7.73246116397858e-09,-2.24233986193312e-07,3.62357839179246e-10,0.00107328869794285,-0.000825392480229849,-1.30051021680835e-06,-0.000102552554832308,6.55386155078865e-05,-0.00015998510460287,-2.55939461827707e-08,-3.37889017475675e-06,1.34389062571553e-07,-2.45281516502926e-07,-9.89413732227053e-07,6.30106287286718e-08,0,-1.99140373459925e-08,-9.96793488502308e-09
"MB.MI",-1.18145080265504e-11,-7.92135470210153e-09,-2.21750469199351e-10,-3.36103105880185e-10,-5.13313470614854e-10,-4.6160087534239e-10,-6.08570831200106e-10,-1.17472781322562e-11,-1.0249548349565e-12,-1.56033992736815e-09,-4.2644088754106e-09,0,-8.5527881030389e-09,-3.28614035042839e-09,-1.95840780296875e-07,-1.15963166268895e-07,-1.81384291384894e-07,-1.8565567830225e-07,-0.00153933410524137,-1.28481727560411e-07,-1.1444281815213e-06,-5.45085608224809e-06,-1.06489396849047e-06,-6.09737020191877e-07,0,0,0,0,0,0,-4.15440899201288e-09,0,-1.53933862246148e-11,1,-1.80790126275363e-09,-2.21347833419801e-09,-3.526504996684e-11,-1.54307658397521e-10,-1.34588682560623e-10,-2.59679907036829e-07,-9.39840447442063e-08,0,-8.27037988462653e-09,-3.49710447515085e-12,-3.49486231244037e-07,-3.37517832606455e-08,-2.97380053819979e-08,-4.07712866183930e-12,-7.15221589388804e-12,-2.98405337740814e-05,-1.05729732500011e-08,-9.20112359498449e-07,-4.27658628266595e-15,-4.71513084724055e-07,-1.35698810355091e-05,-9.73719782032156e-07,-5.61599916362161e-08,-9.65167887927773e-11,-6.57301737408925e-11,-4.5857405873961e-09,-4.53435493573381e-16,-9.00403089579911e-11,-4.8271828614187e-10,-3.30178128708462e-06,-7.30768838305323e-07,-5.65412257733867e-09,-1.04445249488992e-06,-4.94752419977865e-08,-3.50942169535861e-08,-3.80554035246796e-10,-1.50224519983676e-09,-2.06140528972912e-05,-2.87043817269812e-09,0,-1.47707271543774e-09,-8.50494105556687e-11
"NAB.AX",0,8.64682283779748e-12,0,0,0.000861528548418673,0,0.000536728283681373,0,0,0.00461911451753048,0.000546596171650521,0,3.47768000195795e-07,2.23584232380447e-07,0,0,0,3.42790800672604e-07,1.13484339421012e-06,1.15022281801346e-10,2.21979270863742e-05,0,0,0,0,0,0,0,0,0,0.000151370507010463,6.3599960590312e-09,2.59879980590404e-09,1.80790126275363e-09,0.986156675608765,0,0,1.39083639872688e-10,0,1.42586715658184e-11,0,0,0,0,0.00482264982672974,2.47827099913763e-11,1.95979308176455e-07,0.00214222900741051,0,6.74635867785249e-07,0,0,7.66278252462687e-07,5.02363066927316e-10,0,1.44566497951669e-06,4.21687025717605e-05,0,1.11430290980743e-08,0,2.31141324191631e-07,1.4047645241845e-06,7.50751408683245e-08,5.21679377854379e-05,1.05056793138536e-06,3.62547850669853e-05,7.44240174998718e-10,0,8.92658696969118e-08,1.08212203538042e-07,5.68199409449306e-07,1.2706796404504e-06,9.02779696292183e-08,0,1.00630809207651e-09,2.73983012548307e-07
"CBA.AX",0,9.27210804183229e-12,0,0,0,0,1.51868855688031e-09,0,0,0.00159394147968869,0.000141822144587439,0,1.39466161046734e-07,1.42207643327411e-07,0,0,0,9.74687630069234e-07,1.38942965354095e-06,1.4108756450415e-11,8.90208320561299e-06,0,0,0,0,0,0,0,0,0,0.000436740077011043,7.78677119833881e-09,1.04469472903432e-09,2.21347833419801e-09,0,0.989916760068331,0,1.1306170685619e-10,0,1.38605278197585e-11,0,0,0,0,0.00615783418390347,2.59566887904448e-12,2.58207731912355e-08,0.00161619036277506,0,2.79367558310357e-07,0,0,4.59056213863825e-07,6.150611139301e-10,0,1.83992669946759e-06,5.38260288782183e-05,0,1.12982349661494e-08,0,5.99698241714577e-08,1.05171141988999e-06,8.68578285557641e-08,5.99910060207332e-05,8.54010068098293e-07,4.44705086616491e-06,4.72893002316129e-10,0,9.5721027489238e-08,1.36842312338344e-08,1.59449152314275e-07,1.62210438284008e-06,1.10735925804047e-08,0,3.29164087675719e-10,3.15538987873405e-07
"ANZ.AX",0,0.000694234859643016,0,0,0.00050183510381745,0,8.1292332251118e-11,0,0,0.00706077608702755,6.83366822784424e-06,0,1.44083659217787e-07,0.000666179792568563,0,0,0,2.19410978356474e-08,2.21364391522687e-08,2.53724355725442e-10,9.19681729628301e-06,0,0,0,0,0,0,0,0,0,1.02421398492052e-05,1.24058533190596e-10,2.93628842843103e-06,3.526504996684e-11,0,0,0.980079219732621,1.54774394872458e-10,0,3.59384349898502e-07,0,0,0,0,3.71097800677055e-14,1.24651189445044e-10,4.87820758223094e-07,0.00734408926992688,0,6.86634546369905e-07,0,0,3.67407769133124e-06,9.79912953304966e-12,0,1.44037509599354e-08,3.28493512861932e-05,0,3.64165601802288e-10,0,1.03434659783193e-08,4.67598532740382e-06,0.00344431690903893,3.52772360749802e-06,1.16908513433485e-06,7.99733942408549e-05,1.77719036906727e-06,0,4.72772097208465e-05,2.37887312816571e-07,3.49877976520755e-07,6.61860505074319e-09,1.9914158649656e-07,0,5.632713201945e-09,2.66826014792641e-06
"WBC.AX",-1.97592257182682e-09,-9.55365475686397e-09,-5.58719903981433e-09,-1.85543924372709e-10,-7.14990887655936e-10,-6.03887672264824e-09,-7.42817374120666e-09,-2.10266879479083e-09,-1.71419020490938e-10,0.0469105353444777,2.65005047842496e-08,0,9.30934763037491e-07,5.29245607689801e-07,-4.0683589701198e-09,-1.37706767553269e-09,-2.0340679589631e-08,-6.98378169050061e-08,9.6292805649032e-08,-1.68411875705021e-09,5.99952029112081e-05,-2.75966054768465e-09,-1.16204524491241e-09,-2.89810907433916e-09,0,0,0,0,0,0,1.99009149975753e-08,5.42837222090214e-10,6.95113884927527e-09,1.54307658397521e-10,-1.39083639872688e-10,-1.1306170685619e-10,-1.54774394872458e-10,0.95279223159747,-2.08216484821792e-10,-5.32222792732051e-09,-3.85084423450046e-10,0,-4.18220381012704e-11,-5.84874770321244e-10,0.000228479523830104,-3.11881192393046e-08,6.96789536167652e-10,-2.44211599457875e-11,-1.22525851483364e-11,1.55392407255198e-06,-5.92548669139223e-11,-1.32478095058818e-10,9.81922926498021e-10,3.20393697314268e-11,-1.26644453562808e-10,6.73647068648531e-08,4.26394602128381e-07,-5.57552383149556e-09,-5.30976403489801e-09,-8.13637872418982e-11,3.58729663865837e-11,2.47992901049871e-08,-1.29633435368734e-08,3.08909658068278e-06,-0.000124217386320929,-7.57458767084118e-07,-7.00526273815531e-07,-3.14652176666886e-10,5.05545809311326e-09,-6.92510549497551e-10,-3.07962529579693e-07,5.99461472363791e-08,-9.57940738530529e-08,0,1.80926171124682e-09,4.98512168629878e-09
