"","tables.JPM","tables.BAC","tables.C","tables.WFC","tables.GS","tables.MS","tables.BK","tables.USB","tables.PNC","tables.COF","tables.STT","tables.AXP","tables.FITB","tables.RF","tables.X8306.T","tables.X8411.T","tables.X8316.T","tables.X8308.T","tables.X8604.T","tables.X8309.T","tables.X8331.T","tables.X8377.T","tables.X8355.T","tables.X8418.T","tables.TD.TO","tables.RY.TO","tables.BNS.TO","tables.BMO.TO","tables.CM.TO","tables.NA.TO","tables.UCG.MI","tables.ISP.MI","tables.UNI.MI","tables.MB.MI","tables.NAB.AX","tables.CBA.AX","tables.ANZ.AX","tables.WBC.AX","tables.MQG.AX","tables.X600036.SS","tables.X600000.SS","tables.X600016.SS","tables.X600015.SS","tables.HSBA.L","tables.BARC.L","tables.LLOY.L","tables.STAN.L","tables.SAN.MC","tables.BBVA.MC","tables.SAB.MC","tables.SHB.A.ST","tables.SEB.A.ST","tables.SWED.A.ST","tables.BNP.PA","tables.ACA.PA","tables.X055550.KS","tables.X024110.KS","tables.UBSG.SW","tables.CSGN.SW","tables.KBC.BR","tables.ITUB4.SA","tables.BBDC4.SA","tables.DBK.DE","tables.CBK.DE","tables.BIRG.IR","tables.SBIN.NS","tables.BANKBARODA.NS","tables.D05.SI","tables.U11.SI","tables.EBS.VI","tables.DANSKE.CO","tables.INGA.AS","tables.DNB.OL","tables.SBER.ME","tables.ISCTR.IS","tables.SBK.JO"
"JPM",0.627192468632799,0,0,2.08553630271462e-08,0,9.6981274462858e-06,0,0,1.51730729104657e-08,0,0,3.26510073932286e-11,0.00378785946131421,0.0284056694160769,0,0,0,0,0.0011278658858374,0,2.48896275450801e-09,0,0,0,0,0,0,0,0.125893963536992,0,2.5853887126847e-05,0.00489066858886364,0.00307001784020622,0.146482723131195,0.00366886310310254,1.94368786332653e-07,3.05281899634234e-12,1.0491176357813e-06,0.0133929994793313,0,0,0,0,8.33315533975514e-07,8.22572656568766e-09,0,1.52014691067951e-08,0.00166098046146477,5.0523139149002e-09,0.020259964128842,0,0,0,0,2.6594266975448e-08,0,0,0,0,2.44105592597026e-06,1.62920641334486e-08,0,1.56821274919398e-05,1.68900014377359e-05,0.000174449719570948,4.11954407426323e-06,7.33985296370806e-05,0,0,0,0,2.40889202610171e-05,0.0188671483782697,1.55719673201454e-06,0,0.000948442125102214
"BAC",0,0.629788874652213,0,1.03755430558293e-08,0,9.03242852038823e-06,0,0,1.76300221212209e-08,0,0,3.64480979127756e-11,0.00273714654353645,0.0314532742048278,0,0,0,0,0.00103627569834386,0,2.41429569905181e-09,0,0,0,0,0,0,0,0.0862113351496075,0,2.14619561781366e-05,0.00334601334842868,0.00411833665812428,0.171169624552421,0.00440552147652918,2.01572708394659e-07,2.73356513106681e-12,9.85530105641856e-07,0.020327755188871,0,0,0,0,1.11822786194778e-06,7.86423298545641e-09,0,1.4043737250209e-08,0.00130012880154603,4.7114860633332e-09,0.023468174394674,0,0,0,0,2.86361807492057e-08,0,0,0,0,2.62362584351108e-06,1.81867205990191e-08,0,1.81772245508228e-05,1.74892759238408e-05,0.000169674881518176,4.60235919199318e-06,8.04147879388003e-05,0,0,0,0,5.18144111092259e-07,0.0202891531445477,1.42974816157051e-06,0,2.05525223152819e-05
"C",0,0,0.523431692598626,1.18742684838825e-08,0,1.07812563535866e-05,-0.00211527976821228,0,2.37061324432645e-08,0,0,4.63096011389361e-11,0.00169240550027368,0.0419475763127569,0,0,0,0,0.00121761316702538,-1.9627835212731e-05,6.26993031291416e-09,0,0,0,0,0,0,0,0.0508999921774856,0,4.25007737146514e-05,0.00197280950503071,0.0048660616348369,0.272786647744356,0.00621811144585052,2.34527450210034e-07,3.10219858284507e-12,2.63202404872381e-06,0.032681347989906,0,0,0,0,1.31823208724313e-06,9.40901036841164e-09,0,1.61792443217661e-08,0.00109644392267419,5.62933059743151e-09,0.0314730985644846,0,0,0,0,3.4373071384565e-08,0,0,0,0,3.1734227819728e-06,2.31073725433182e-08,0,2.43863969471553e-05,2.03558956018636e-05,0.00043783636395768,5.85319968773809e-06,9.96230249061754e-05,0,0,0,0,6.7610366712735e-07,0.0290381778705394,1.67815408879024e-06,0,2.68415930892239e-05
"WFC",-2.08553630271462e-08,-1.03755430558293e-08,-1.18742684838825e-08,0.583908352761475,-1.54580999918999e-08,-0.000833691228149436,-1.82055765002974e-08,-1.01381642606532e-08,1.1734890885353e-08,-1.86665654792781e-08,-1.420346092541e-08,-1.29869575268778e-08,0.000810120403691187,0.0379150298939977,-0.0345423760720976,-0.0111097625278467,-0.0375079464197761,-0.0516575942651943,0.00204413647824876,-0.0254161487976961,-0.00331947118119052,-0.0135542517368766,-0.0034492466393329,-0.0141384731002936,-1.17504204389292e-08,-1.68219957571652e-08,-1.06490628030306e-08,-1.17040842049941e-08,0.00671097543274975,-1.42917598167487e-08,0.00274318047976816,0.000272851555859989,0.00391156839490736,0.27011383095418,0.00606219490382158,2.79670882398519e-07,7.81366056791974e-07,1.5784075893406e-05,0.023918265660004,-2.27301355847484e-10,0,0,0,1.05913740381854e-06,-3.869717290928e-07,-2.16807886678809e-07,0.00341313016356841,0.000614917637844217,-4.54445139755709e-07,0.0321438406000944,-1.07765341770717e-08,-2.59932587454602e-07,-3.28790260491236e-07,-3.44139176312392e-07,1.38576742535966e-07,-2.78848754634275e-06,-4.22194097554586e-05,-4.09970246902324e-07,-2.8672227832982e-07,3.58997898239833e-06,1.65951088582891e-07,-5.29534495480782e-07,2.47511468276111e-05,2.46947681944614e-05,0.000199098817566163,4.56850356917355e-05,0.000127148668270398,-1.77707704845027e-06,-6.05833241992249e-10,-7.82143487761117e-09,-7.7096145012967e-09,-0.00036256296967709,0.0249163020135162,2.7561438368992e-06,-3.79874132722581e-10,1.10114282392386e-05
"GS",0,0,0,1.54580999918999e-08,0.631499268059546,1.2803688163958e-05,0,0,2.06811086576853e-08,0,0,3.82065336837597e-11,0.00270955512868734,0.0356405547678168,0,0,0,0,0.00148775931723876,0,2.55573299265334e-09,0,0,0,0,0,0,0,0.0486325683588499,0,0.00232124650549415,0.00228487657119566,0.00365653372321845,0.197124099624569,0.00458988982565726,3.02672261314106e-07,4.29420074779684e-12,2.88800957682936e-06,0.0171776496178629,0,0,0,0,9.92657796665772e-07,1.0836028620496e-08,0,2.07499204695705e-08,0.000901804447553337,0.00191476823032212,0.0275610603013577,0,0,0,0,3.19511356490868e-08,0,0,0,0,3.80221989112126e-06,1.90641375806882e-08,0,2.13448236414656e-05,2.603347955636e-05,0.000179383892172219,4.81812652051575e-06,0.000113272293081153,0,0,0,0,5.83386606588146e-07,0.0221068476755914,2.05405763450206e-06,0,2.31171994719586e-05
"MS",-9.6981274462858e-06,-9.03242852038823e-06,-1.07812563535866e-05,0.000833691228149436,-1.2803688163958e-05,0.576297677049929,-1.08232549449465e-05,-9.22977066032501e-06,-9.95599527318929e-06,-1.53501761703361e-05,-1.15053816994489e-05,-1.09551224633021e-05,0.00104814361688069,0.0417588807696371,-1.83092818402639e-06,-1.27151514832713e-06,-1.6847717465471e-06,-1.53829496338537e-06,-0.00632265899817206,-0.00010689862168496,-0.00117025384443734,-0.0114997240052438,-0.000735871588578757,-0.00958443229592855,-9.79590492812422e-06,-1.33013012187202e-05,-9.55536713170571e-06,-1.05107188832725e-05,0.017015849459588,-1.18605667144929e-05,0.000721549522943089,0.00224388794206043,0.0042480869135486,0.258088309247703,0.00595499856555796,-7.85778030991592e-06,-5.60229278529485e-06,-6.04803690290135e-06,0.0221176702098438,-1.37104624639922e-07,0,0,0,6.31139939495999e-07,0.000138832975631673,-0.000147256931373376,3.94945831641566e-06,0.000453570920053636,-8.07744620132795e-06,0.0399436758035798,-7.19113433034083e-06,-0.000129132241433974,-5.49368858408689e-05,-0.000232424097924832,-3.24408407008834e-05,-2.76016822006482e-05,-4.81733721739766e-05,-0.00027698046544424,-0.00019346041906378,-0.000362662185301124,-1.71045417229511e-05,-2.18518060949098e-05,-7.05493437794525e-05,-6.63019398453705e-05,0.000135264729738959,-7.16663212928825e-06,0.000102241879095357,-0.000139326668394162,-5.4472228969917e-07,-6.48210584802466e-06,-4.26016826220368e-06,-0.000150960541487171,0.0258793441387202,-4.92867981050395e-05,-3.47457364499684e-07,2.09233798891895e-05
"BK",0,0,0.00211527976821228,1.82055765002974e-08,0,1.08232549449465e-05,0.619487998099927,0,1.76501005832873e-08,0,0,3.41060584392026e-11,0.00174171421313685,0.0344660877337566,0,0,0,0,0.0012717486323994,-0.00574827430663996,4.3456221182173e-09,0,0,0,0,0,0,0,0.0502440236592214,0,1.59361768021753e-05,0.00194520741957756,0.00299705553450114,0.225387084087852,0.00522843743578327,0.00177932220300555,3.40900774823775e-12,1.6709525236564e-06,0.00661913876617038,0,0,0,0,8.1086347300796e-07,9.04239406229596e-09,0,1.67588433209629e-08,0.000990213039455391,5.64752998021643e-09,0.0235160914750954,0,0,0,0,2.68583403960997e-08,0,0,0,0,2.73970319648644e-06,1.70180994643942e-08,0,1.82100204369345e-05,1.88585128587082e-05,0.000303559152641835,4.30699924354228e-06,8.31742154967038e-05,0,0,0,0,1.48687322404631e-05,0.0211482979046826,1.75455203753609e-06,0,0.000585471327305302
"USB",0,0,0,1.01381642606532e-08,0,9.22977066032501e-06,0,0.612269884025977,2.17571616246356e-08,0,0,4.15417311657083e-11,0.000988566258502573,0.0353318450711069,0,0,0,0,0.00103856756080855,0,2.16477264683190e-09,0,0,0,0,0,0,0,0.0210140608784781,0,2.12364219434625e-05,0.00164867601976933,0.00431088754924551,0.231518162127835,0.0051238554672977,2.28643113011326e-07,3.09392423221195e-12,8.34442833297566e-07,0.0348437038268525,0,0,0,0,1.16846943911375e-06,7.99184887077938e-09,0,1.56484468650539e-08,0.000760677452118738,4.83017753292558e-09,0.0288460289054206,0,0,0,0,3.02910468466534e-08,0,0,0,0,3.10141849757325e-06,2.07283205756941e-08,0,2.23605713376377e-05,1.96944773430053e-05,0.00015274729046849,5.23999337104603e-06,9.68902775425953e-05,0,0,0,0,5.59983853586111e-07,0.0219479898302699,1.43113430300764e-06,0,2.22585370360066e-05
"PNC",-1.51730729104657e-08,-1.76300221212209e-08,-2.37061324432645e-08,-1.1734890885353e-08,-2.06811086576853e-08,9.95599527318929e-06,-1.76501005832873e-08,-2.17571616246356e-08,0.629675523697169,-2.45323077234848e-08,-2.01084523105874e-08,-1.66042250379624e-08,0.00376098998913007,0.0278742923600795,-1.12626078342318e-09,-8.97820774739614e-10,-1.5826125235643e-09,-2.09271791466706e-09,0.00117596567997202,-4.660159173345e-09,-1.1003167321561e-12,-2.63881370795477e-09,-3.54665454065515e-10,-2.08412278659506e-09,-2.0311508970685e-08,-1.92142490284721e-08,-2.29674663281784e-08,-2.55235206923223e-08,0.128019925924384,-3.23417966686007e-08,2.4902086517795e-05,0.00497484328226864,0.00280462065358324,0.146877141169236,0.00377635819732638,1.5309996676439e-07,-1.65349212224278e-08,9.40099666316158e-07,0.0101522134687381,-1.56048344137638e-10,0,0,0,7.62045638240777e-07,-2.73858411856832e-08,-1.35215770854555e-08,1.21072991581371e-08,0.00169959019426122,-9.85472726261642e-09,0.0189580393845902,-5.39705240505196e-09,-6.69512715606507e-09,-1.21155610529229e-08,-2.3658176940413e-08,-1.45918022589293e-08,-1.81492055436659e-09,-2.96261334014383e-09,-4.88746521299053e-09,-4.12901330421104e-09,1.79477747355754e-06,7.86879543352935e-10,-2.34963507279916e-08,-0.000747282102109165,1.5577404575185e-05,0.000160123139905691,4.1433918883095e-06,6.7116049088573e-05,-1.16080584402171e-09,-1.27607542799029e-09,-3.09916839911303e-08,-1.45799525628506e-08,4.51675532805839e-07,0.0199284585359816,1.60137420056568e-06,-9.37130717377547e-10,1.832936230275e-05
"COF",0,0,0,1.86665654792781e-08,0,1.53501761703361e-05,0,0,2.45323077234848e-08,0.459251769876418,0,5.15688147638754e-11,0.00394840518814372,0.0470005496534852,0,0,0,0,0.00180826463967726,0,3.83119673522303e-09,0,0,0,0,0,0,0,0.123243482346497,0,2.80078728411942e-05,0.00478554011532964,0.00476981848108061,0.270746889627364,0.00691541003574302,3.01071538656746e-07,4.3773992251855e-12,1.58127442102377e-06,0.0121905500549469,0,0,0,0,1.29744958901275e-06,1.31031310042239e-08,0,2.14721572835059e-08,0.00192772426991536,7.931972390703e-09,0.0328690804060509,0,0,0,0,4.10429360016046e-08,0,0,0,0,3.79354233401271e-06,2.57315931266865e-08,0,2.54055529974139e-05,2.62328570148028e-05,0.00026817013667352,6.48012380802182e-06,0.000115278346028121,0,0,0,0,7.67851859605574e-07,0.0300168062769011,2.49704295187763e-06,0,3.03893624132086e-05
"STT",0,0,0,1.420346092541e-08,0,1.15053816994489e-05,0,0,2.01084523105874e-08,0,0.516948269963461,8.37949102338884e-11,0.00540398883846085,0.0414923511448455,0,0,0,0,0.00133129620487619,0,2.99520359522384e-09,0,0,0,0,0,0,0,0.121973444000962,0,3.06990130208119e-05,0.00473323897626834,0.00460544686818218,0.220546796042088,0.00535978014307381,1.26780112372906e-06,2.04987139027391e-11,1.26618521213634e-06,0.0226497588890308,0,0,0,0,1.24809206884404e-06,1.06798653946824e-08,0,9.16906041844293e-08,0.00174785331905879,6.01961433907458e-09,0.0263658825797849,0,0,0,0,7.49634524017021e-08,0,0,0,0,2.45579401175823e-05,4.18116364725151e-08,0,2.04277806645649e-05,0.000106607282291634,0.000210596982498927,1.04452211779666e-05,0.000877917774253764,0,0,0,0,7.41433035409274e-07,0.0255130965046755,1.83616525584547e-06,0,2.94168962289068e-05
"AXP",-3.26510073932286e-11,-3.64480979127756e-11,-4.63096011389361e-11,1.29869575268778e-08,-3.82065336837597e-11,1.09551224633021e-05,-3.41060584392026e-11,-4.15417311657083e-11,1.66042250379624e-08,-5.15688147638754e-11,-8.37949102338884e-11,0.649064961450089,0.00274659962478938,0.0317234531321332,-1.16230339036378e-11,-1.00644908235973e-08,-1.22929668955934e-09,-3.28614039750489e-11,0.0012836654556341,-2.85308673854727e-08,2.26039551917981e-09,-1.49320963458644e-08,-9.45639188599709e-13,-1.18783317633572e-11,-4.43981837956675e-11,-2.04183083998618e-10,-3.72667893432213e-11,-4.15216320469385e-11,0.0754732343887093,-9.14512088237156e-11,2.42772779622461e-05,0.00453458421113832,0.00286862099834255,0.173092836540205,0.0041976681131871,8.13047480777512e-07,-2.00027555836702e-11,9.0529967112672e-07,0.0090356178638316,-1.33453398897185e-08,0,0,0,7.79953695998649e-07,0.000720916051494537,-1.08080411188798e-11,-3.48334337627578e-08,0.00117018166061155,2.87963838708834e-06,0.0230786638483647,-6.72991310626584e-12,-1.94557240496877e-11,-4.70026343992838e-11,-8.92718162662762e-09,1.64008236854406e-07,-4.35853107516102e-10,-5.04729598049486e-09,-1.22431517408461e-11,-1.40406546055694e-08,1.45293595190416e-05,1.39821100622011e-07,-7.8226700060426e-11,1.78448114485937e-05,6.86301135423553e-05,0.000158675422290944,2.93363459723191e-05,0.000510527035479049,-4.82030617377951e-11,-2.66276567625828e-12,-2.75610105527548e-08,-1.84782582750261e-11,4.93310940556352e-07,0.0201410432270297,1.77151576172868e-06,-1.77926611723255e-12,1.9932410037673e-05
"FITB",-0.00378785946131421,-0.00273714654353645,-0.00169240550027368,-0.000810120403691187,-0.00270955512868734,-0.00104814361688069,-0.00174171421313685,-0.000988566258502573,-0.00376098998913007,-0.00394840518814372,-0.00540398883846085,-0.00274659962478938,0.562133549436397,0.0380118136097167,-5.46090041050361e-05,-0.000503879806896949,-0.000114782018016088,-7.16713932161549e-05,-0.000891804709763646,-0.000507441842451032,-0.0044486056053942,-0.000408550436960397,-3.63796197144928e-05,-7.28187339113727e-05,-0.00171992028472511,-0.000450170944059266,-0.00116181515088494,-0.00107338352067112,0.0476740751542987,-0.00308375800799985,-0.0328017912062491,-0.00165097701483273,-0.0100867763293779,0.239919288462569,0.00535188584648487,-0.000990429327353013,-0.000951412235871572,-0.000777882686791465,0.00865967586035132,-0.000740608962215188,0,0,0,-3.4960826945273e-06,-0.0106637045668107,-7.41487626275577e-05,-0.00197680646660803,0.00101645007024745,-0.000416367420477752,0.0238212142155827,-0.00330832237746436,-0.00597505060053051,-0.00583332601846208,-0.000617309945285972,-0.016732811227349,-0.000715136686142723,-0.00198248210085228,-0.000454136923584664,-0.0020442116808856,-0.000636560736624475,-0.000279602142122748,-0.000669098489916057,-0.017921187813993,-0.00518242385525661,-1.9690355645897e-05,-0.107980430412257,-0.13819987121853,-7.37884265632989e-05,-1.12353140907614e-05,-0.000854213188482134,-0.032138486556625,-0.0150779228611023,0.0365456055854869,-0.037075588522913,-6.91057079058649e-06,-0.000319483283377355
"RF",-0.0284056694160769,-0.0314532742048278,-0.0419475763127569,-0.0379150298939977,-0.0356405547678168,-0.0417588807696371,-0.0344660877337566,-0.0353318450711069,-0.0278742923600795,-0.0470005496534852,-0.0414923511448455,-0.0317234531321332,-0.0380118136097167,0.753858612805437,-0.00185971876216626,-0.00152387456872822,-0.00286395189057122,-0.00332572385779744,0.00277749577671085,-0.00809160849773953,-0.00103952089576107,-0.00409834397491727,-0.000728911838969026,-0.00317766714781165,-0.0350125612937698,-0.0358059064225064,-0.0407366763565347,-0.0487843888241149,-0.0161529637497423,-0.0538275621576507,-0.0195661543571054,-0.0307179112814176,-0.022332941667644,0.0852928342017619,-0.0158236039786869,-0.0247779535390658,-0.0270748542029725,-0.0231747052555493,-0.0156467655234376,-0.000249248502558013,0,0,0,-0.000110327433851986,-0.0194714866596927,-0.00737411936243409,-0.000529825419816725,-0.0100106198828875,-0.0171640741919151,-0.00703057170646711,-0.0067787379974673,-0.00363498146256891,-0.0110217471055927,-0.0201742108664688,-0.0161695972904891,-0.00310169401542803,-0.0028458604880198,-0.00803795772828212,-0.00913675651724152,-0.06271347526372,-0.0306331360889475,-0.0466965338350114,-0.00695872495131586,-0.0299616960155166,-0.00924713814668074,-0.016250257538851,-0.013039742314742,-0.00153784675742846,-0.00235422068415682,-0.0169689366292994,-0.00203278980015206,-0.0135894077651244,0.0101528446637258,-0.00500001197561392,-0.00354837265382968,-0.00141701920891872
"X8306.T",0,0,0,0.0345423760720976,0,1.83092818402639e-06,0,0,1.12626078342318e-09,0,0,1.16230339036378e-11,5.46090041050361e-05,0.00185971876216626,0.929364361727837,0,0,0,0.000218847773358265,0,1.50935319381327e-10,0,0,0,0,0,0,0,0.000448239925091678,0,0.000162200530930146,1.7860496818622e-05,0.00374769903619607,0.0216435743627271,0.000505331206279991,2.11389848168161e-05,5.50589085448804e-08,1.02425712411001e-06,0.00195698039168639,0,0,0,0,1.0274512524085e-06,1.42317775123296e-09,0,0.000238660464470748,4.45472166729438e-05,9.57378882931839e-10,0.00153384808169751,0,0,0,0,5.61354618299783e-09,0,0,0,0,2.27483221628813e-07,5.79961320956319e-09,0,1.18637739138444e-06,0.001765342908039,1.06926740762505e-05,1.43069318491055e-06,6.80323728310534e-06,0,0,0,0,2.8156828473081e-08,0.00184887526487041,3.00753848392238e-07,0,1.16563629972323e-06
"X8411.T",0,0,0,0.0111097625278467,0,1.27151514832713e-06,0,0,8.97820774739614e-10,0,0,1.00644908235973e-08,0.000503879806896949,0.00152387456872822,0,0.967411092980798,0,0,0.000152638756610464,0,1.08646219359606e-10,0,0,0,0,0,0,0,0.000209627275186799,0,5.23241380509041e-05,6.03803398139092e-06,0.000172664156277774,0.0113861188326753,0.000260081010128501,2.90180498541034e-05,2.06394203125926e-08,4.68150698746131e-07,0.000964411344582293,0,0,0,0,4.72301446961777e-08,4.68044345256392e-08,0,8.94645067503332e-05,1.87334445156418e-05,6.67608279417736e-10,0.00113338446009317,0,0,0,0,4.98754263988002e-06,0,0,0,0,8.71131251873086e-06,5.02193785305864e-06,0,8.77996845144276e-07,0.00242328040866122,7.66892025957417e-06,0.00123383313118392,5.62071951812105e-06,0,0,0,0,2.86161249742332e-08,0.0010187752767466,0.000265071362305928,0,1.14280395385848e-06
"X8316.T",0,0,0,0.0375079464197761,0,1.6847717465471e-06,0,0,1.5826125235643e-09,0,0,1.22929668955934e-09,0.000114782018016088,0.00286395189057122,0,0,0.92789878422206,0,0.000200389143574978,0,1.86147414059264e-10,0,0,0,0,0,0,0,0.000449797447496071,0,0.000176078773830218,1.69871799180113e-05,0.000303878139468849,0.0223347241698735,0.000497878057957517,1.29288060101272e-05,5.7383361569525e-08,1.09450418947802e-06,0.00198174610732577,0,0,0,0,8.32906186627021e-08,6.95775414658418e-09,0,0.000248736195287597,4.68565983912966e-05,8.7805356652448e-10,0.00214520365399609,0,0,0,0,6.09450871955441e-07,0,0,0,0,3.94609845689553e-07,6.13389359297085e-07,0,1.65872045468275e-06,0.00107975215687888,1.31145956073627e-05,0.000150708930438217,9.06599705381194e-06,0,0,0,0,4.44294385871026e-08,0.00193835657783981,2.75597683629849e-07,0,1.80593719382167e-06
"X8308.T",0,0,0,0.0516575942651943,0,1.53829496338537e-06,0,0,2.09271791466706e-09,0,0,3.28614039750489e-11,7.16713932161549e-05,0.00332572385779744,0,0,0,0.911606775230316,0.000181732505491125,0,2.50476081804002e-10,0,0,0,0,0,0,0,0.000592498383929002,0,0.000242676210381137,2.41294542772016e-05,0.000342050378861325,0.0238884843957829,0.000531876102245637,2.41361693823579e-08,6.96609646536847e-08,1.39683061885271e-06,0.00210906035772353,0,0,0,0,9.37748860627851e-08,1.51837841451647e-09,0,0.000301955140988346,5.41120803180694e-05,7.93455047220997e-10,0.00283889939750869,0,0,0,0,1.63069170085404e-08,0,0,0,0,3.5566754829723e-07,1.63970469464807e-08,0,2.19267511186863e-06,2.13491100696455e-06,1.75684750769894e-05,4.0335732887132e-06,1.11815516285961e-05,0,0,0,0,4.9945346320302e-08,0.00218777249603689,2.49071280737793e-07,0,2.06239018845434e-06
"X8604.T",-0.0011278658858374,-0.00103627569834386,-0.00121761316702538,-0.00204413647824876,-0.00148775931723876,0.00632265899817206,-0.0012717486323994,-0.00103856756080855,-0.00117596567997202,-0.00180826463967726,-0.00133129620487619,-0.0012836654556341,0.000891804709763646,-0.00277749577671085,-0.000218847773358265,-0.000152638756610464,-0.000200389143574978,-0.000181732505491125,0.963278381513113,-0.000372244961901535,-5.85524344600858e-05,-0.000191554667426,-7.25016310033382e-05,-0.000140422658164869,-0.00114037465207204,-0.00159316927559072,-0.00106559936984618,-0.00117744617089265,-0.00179994750906702,-0.00135197252035158,-0.00525642622346676,-0.00716700361133107,-0.00047687542004493,0.00723167918515201,-0.000795403194727386,-0.000926292485743697,-0.000642381370868923,-0.000935051231219092,-0.00282045494712508,-1.71525405149923e-05,0,0,0,-6.17380018951107e-05,-0.0334578212532674,-0.0179942455379651,-0.000120935755673755,-0.0286469822625152,-0.0381515355877984,-0.00825075299466167,-0.000935404864476897,-0.0157936234730622,-0.00685615277302946,-0.0283685098103193,-0.00394461986845996,-0.00336296398969063,-0.00589230168340729,-0.0338601259714515,-0.0236428645559708,-0.0458977258482289,-0.00201096866194876,-0.00258561736954147,-0.0123951958677965,-0.00927521603834205,-0.0047031272474594,-0.00179116124525587,0.00120679702180032,-0.000135107472541694,-6.39926741183473e-05,-0.000761783760647199,-0.000530789588648849,-0.0185078411701381,-0.0139514160430566,-0.00500602151373046,-4.56937214834074e-05,-0.000788907693654733
"X8309.T",0,0,1.9627835212731e-05,0.0254161487976961,0,0.00010689862168496,0.00574827430663996,0,4.660159173345e-09,0,0,2.85308673854727e-08,0.000507441842451032,0.00809160849773953,0,0,0,0,0.000372244961901535,0.864736357053156,3.35169642959068e-09,0,0,0,0,0,0,0,0.00175798575316503,0,0.000146444581917423,0.000410493625605599,0.000835989064867212,0.0629539293854997,0.0014055366870185,3.1412477376251e-05,3.43255699734945e-08,3.56458646896964e-06,0.0021293881022747,0,0,0,0,2.29136838280582e-07,8.89639897009309e-05,0,0.000148789230262144,0.000129101580125961,5.62569593328514e-08,0.00626560539897318,0,0,0,0,1.41387373025708e-05,0,0,0,0,1.14894854931586e-05,1.42362137752429e-05,0.0091335888451899,4.8427818512515e-06,0.000240398997035685,0.000232989462303748,0.00349766881131229,2.53057884001087e-05,0,0,0,0,2.60062503437435e-07,0.00550792968361113,5.08271751135016e-07,0,1.04802176422597e-05
"X8331.T",-2.48896275450801e-09,-2.41429569905181e-09,-6.26993031291416e-09,0.00331947118119052,-2.55573299265334e-09,0.00117025384443734,-4.3456221182173e-09,-2.16477264683190e-09,1.1003167321561e-12,-3.83119673522303e-09,-2.99520359522384e-09,-2.26039551917981e-09,0.0044486056053942,0.00103952089576107,-1.50935319381327e-10,-1.08646219359606e-10,-1.86147414059264e-10,-2.50476081804002e-10,5.85524344600858e-05,-3.35169642959068e-09,0.973562739312274,-2.87344505089889e-10,-4.53825244405523e-11,-2.11677981963456e-10,-1.75790830796759e-09,-1.54418135237276e-09,-2.1248529883352e-09,-2.47786277642325e-09,0.00119326483937924,-3.04510110494777e-09,2.07290094540971e-05,5.00014559920992e-05,8.17554591705153e-05,0.0102848594835912,0.000241180760895011,-1.17436515286808e-08,2.98577112052969e-09,1.21916314571782e-07,0.000358758153989358,-2.82608224502093e-11,0,0,0,-1.20007590945315e-07,8.34557325014858e-07,-4.61792559487756e-10,1.93035704485e-05,3.64348721952568e-05,6.10084544090096e-07,0.00307762713709292,-2.87784526490981e-10,-6.92548391474915e-10,-2.98560410953443e-09,-3.06294104074424e-09,1.5660764263537e-09,-9.76932229671906e-10,-1.45547438316412e-09,-9.35719085998569e-10,-8.72629459836552e-09,2.27948193935677e-07,-6.42494534443964e-07,-1.50877667263607e-07,2.1358679708751e-06,1.61169710995446e-06,-6.21631170400183e-06,6.08488612792092e-07,7.62216973750897e-06,-1.16703357096063e-10,-1.37306202742452e-10,-1.22076451558145e-09,-3.43895236788195e-10,5.8455024933479e-08,0.00101431140512478,3.39559655449365e-08,-6.12571682229077e-11,2.41402695661745e-06
"X8377.T",0,0,0,0.0135542517368766,0,0.0114997240052438,0,0,2.63881370795477e-09,0,0,1.49320963458644e-08,0.000408550436960397,0.00409834397491727,0,0,0,0,0.000191554667426,0,2.87344505089889e-10,0.929178187247518,0,0,0,0,0,0,0.00100364545371586,0,8.08510001277206e-05,6.93231403163138e-05,0.000408592281207009,0.0285161520072437,0.000656432831062055,1.50374363548404e-06,1.83031256857288e-08,4.93225788720243e-07,0.00205360075330497,0,0,0,0,1.11995368954129e-07,8.28838601704946e-06,0,7.93376438268943e-05,5.91329146491399e-05,6.05461627003852e-06,0.00351895583595345,0,0,0,0,7.39958910085884e-06,0,0,0,0,1.59623311647993e-06,7.45075545093618e-06,0,2.72066058622302e-06,0.000125713306339335,2.02013298818289e-05,0.00183056457154236,1.36395712670961e-05,0,0,0,0,6.75767087716179e-08,0.00259451133716338,2.62779282952299e-07,0,2.74823074973028e-06
"X8355.T",0,0,0,0.0034492466393329,0,0.000735871588578757,0,0,3.54665454065515e-10,0,0,9.45639188599709e-13,3.63796197144928e-05,0.000728911838969026,0,0,0,0,7.25016310033382e-05,0,4.53825244405523e-11,0,0.982165158562889,0,0,0,0,0,0.000130281769244702,0,1.76731851694038e-05,6.86673435857006e-06,8.519856781423e-05,0.00672541676559636,0.000147843744049714,4.48862657123033e-05,9.14543215985848e-09,1.5267716111215e-07,0.000728276884044159,0,0,0,0,2.33100356373218e-08,5.26032508549371e-07,0,3.96421786066923e-05,1.44769790656381e-05,3.87437687709879e-07,0.000483710903662377,0,0,0,0,4.29217768258799e-10,0,0,0,0,6.23296185678678e-08,4.71851116941766e-10,0,3.74999408599497e-07,0.00374837581550831,3.21186018123877e-06,1.19339976026288e-07,1.86954609752942e-06,0,0,0,0,1.17559394392939e-08,0.000631961279206041,1.00041788674167e-07,0,4.69269576207885e-07
"X8418.T",0,0,0,0.0141384731002936,0,0.00958443229592855,0,0,2.08412278659506e-09,0,0,1.18783317633572e-11,7.28187339113727e-05,0.00317766714781165,0,0,0,0,0.000140422658164869,0,2.11677981963456e-10,0,0,0.942867905527966,0,0,0,0,0.000871015116220636,0,8.08281451343798e-05,6.11844252741325e-05,0.000324681957745926,0.0213307596936425,0.000481609544553982,2.36770098612013e-08,1.90661603041678e-08,4.68078401990625e-07,0.00184378806817973,0,0,0,0,8.90121826743664e-08,6.85131116376629e-06,0,8.26450419763921e-05,5.14456811662463e-05,5.04620943367162e-06,0.00281928899247915,0,0,0,0,6.25993496085066e-09,0,0,0,0,3.32561730783364e-07,5.92700067585445e-09,0,2.17753445689527e-06,2.09317721208067e-06,1.48550752857355e-05,1.4610534096739e-06,1.05421802032885e-05,0,0,0,0,4.91447678010902e-08,0.00202479761252641,1.92284611075912e-07,0,2.02139638021962e-06
"TD.TO",0,0,0,1.17504204389292e-08,0,9.79590492812422e-06,0,0,2.0311508970685e-08,0,0,4.43981837956675e-11,0.00171992028472511,0.0350125612937698,0,0,0,0,0.00114037465207204,0,1.75790830796759e-09,0,0,0,0.715866722364915,0,0,0,0.00798739151929139,0,0.00123220774750117,0.00129498527390163,0.00277405739438528,0.173657996899674,0.0041174559616397,2.68829202421319e-07,3.8894618176697e-12,1.61930979325751e-06,0.00678087529969232,0,0,0,0,7.52462964190915e-07,8.30836738118673e-09,0,1.8478711085159e-08,0.0014178212705624,5.11155045344873e-09,0.0269588273719654,0,0,0,0,3.54499781684834e-08,0,0,0,0,3.34454194886851e-06,2.21536214517432e-08,0,2.08879400778143e-05,2.30600720389966e-05,0.000123685088296863,5.55060420143666e-06,0.000100940190558296,0,0,0,0,5.86242078795796e-07,0.0197234108070811,1.57428786246164e-06,0,2.32030145188238e-05
"RY.TO",0,0,0,1.68219957571652e-08,0,1.33013012187202e-05,0,0,1.92142490284721e-08,0,0,2.04183083998618e-10,0.000450170944059266,0.0358059064225064,0,0,0,0,0.00159316927559072,0,1.54418135237276e-09,0,0,0,0,0.718669751854653,0,0,0.000743713290627394,0,0.00352272955120826,0.00407669122424995,0.00230439529179877,0.180655633430621,0.00416275286849079,3.4769829776651e-07,5.32527714245603e-12,3.49952673977148e-06,0.00389058549961833,0,0,0,0,6.26196735498204e-07,1.09945127921893e-08,0,2.43973028713669e-08,0.000646387853619238,6.93730022506992e-09,0.021728337343533,0,0,0,0,1.23653013541458e-07,0,0,0,0,0.00295513415001701,1.01882427681563e-07,0,1.68186075273826e-05,2.96568574250798e-05,0.000108444741794649,2.51157404211562e-05,9.71703021000804e-05,0,0,0,0,5.87557384457821e-07,0.0184733249692564,2.20010461759883e-06,0,2.3241741396942e-05
"BNS.TO",0,0,0,1.06490628030306e-08,0,9.55536713170571e-06,0,0,2.29674663281784e-08,0,0,3.72667893432213e-11,0.00116181515088494,0.0407366763565347,0,0,0,0,0.00106559936984618,0,2.1248529883352e-09,0,0,0,0,0,0.646292072499383,0,0.0011221867899438,0,0.00289778473094712,0.0104928233113758,0.00350509650747938,0.218973566668013,0.00495800129905096,2.44477575073042e-07,3.38847758377942e-12,3.13981055666725e-06,0.0114416338146186,0,0,0,0,9.48212688904573e-07,8.44713344760815e-09,0,1.66763611472435e-08,0.000417983029634343,5.00133496980771e-09,0.0304289839833425,0,0,0,0,2.92760224899455e-08,0,0,0,0,3.34087245621708e-06,1.85952278505623e-08,0,2.35900492259305e-05,2.10075411456963e-05,0.000149865900956043,4.70645614648766e-06,0.000104010271732737,0,0,0,0,6.69363867678949e-07,0.0261565610843857,1.46853040241615e-06,0,2.65547725572853e-05
"BMO.TO",0,0,0,1.17040842049941e-08,0,1.05107188832725e-05,0,0,2.55235206923223e-08,0,0,4.15216320469385e-11,0.00107338352067112,0.0487843888241149,0,0,0,0,0.00117744617089265,0,2.47786277642325e-09,0,0,0,0,0,0,0.561910538340614,0.00124267150500159,0,0.00432241754755227,0.0115679888119938,0.00439334627489895,0.276677350697834,0.00590981627235548,2.63328528864383e-07,3.5987485801926e-12,4.50117300781395e-06,0.018944233171627,0,0,0,0,1.18745862201336e-06,9.34427395902134e-09,0,1.79270704055089e-08,0.000529396324837892,5.51322858084869e-09,0.0337932453471433,0,0,0,0,3.15593076598338e-08,0,0,0,0,3.69404994068608e-06,2.07182916008426e-08,0,2.62054052216183e-05,2.25591826493567e-05,0.000175042336147222,5.25431363009655e-06,0.000115303013004771,0,0,0,0,8.09877179461446e-07,0.0292745083313625,1.61979125359203e-06,0,3.21933982718523e-05
"CM.TO",-0.125893963536992,-0.0862113351496075,-0.0508999921774856,-0.00671097543274975,-0.0486325683588499,-0.017015849459588,-0.0502440236592214,-0.0210140608784781,-0.128019925924384,-0.123243482346497,-0.121973444000962,-0.0754732343887093,-0.0476740751542987,0.0161529637497423,-0.000448239925091678,-0.000209627275186799,-0.000449797447496071,-0.000592498383929002,0.00179994750906702,-0.00175798575316503,-0.00119326483937924,-0.00100364545371586,-0.000130281769244702,-0.000871015116220636,-0.00798739151929139,-0.000743713290627394,-0.0011221867899438,-0.00124267150500159,0.639311903114953,-0.0121022204722354,-0.00418601436774455,0.0233972346422947,0.00203771222272838,0.175591369017366,0.00323945496378929,-0.00331655066118093,-0.000788972273747808,-0.000734519323837252,0.0367572313752452,-0.0001033830342766,0,0,0,-1.59244390078965e-06,-0.00189518038488847,-0.000175738640523813,-0.000194589414743439,0.007100348938933,-0.000432531087802391,0.0311180088446393,-0.000818943313548389,-0.000770183287220139,-0.0011710194309513,-0.00061297067026101,-0.0024548493612668,-0.000183870493471656,-0.000323379203868649,-0.00020130860644334,-0.000469339679262984,-0.00138367752695636,-0.000610895529444511,-0.000945291550315095,-0.00340797122574045,-0.00149979595991934,0.000545855967732525,-0.0129885995466127,-0.0162937025057206,-4.93463810693078e-05,-3.92530152702992e-05,-0.000666650874288849,-0.00380766033065024,-0.00223655307026834,0.019239788807614,-0.00454964279523135,-6.02121543988559e-05,-0.000128865538537861
"NA.TO",0,0,0,1.42917598167487e-08,0,1.18605667144929e-05,0,0,3.23417966686007e-08,0,0,9.14512088237156e-11,0.00308375800799985,0.0538275621576507,0,0,0,0,0.00135197252035158,0,3.04510110494777e-09,0,0,0,0,0,0,0,0.0121022204722354,0.531408402281628,0.0189826041734201,0.000695028902369066,0.00403575749959048,0.269880508834092,0.00613566876504704,1.15338124255636e-06,1.84549133112454e-11,1.69536232649453e-05,0.0093050026261798,0,0,0,0,1.09170233652013e-06,1.09144772040531e-08,0,8.25597974342343e-08,0.000676022227816924,6.17625085355507e-09,0.041867810531963,0,0,0,0,7.64754426235163e-08,0,0,0,0,2.22420629815799e-05,4.56319445612685e-08,0,3.24397809675403e-05,9.71661174912828e-05,0.000214241332403394,1.13799861039456e-05,0.000790029109925236,0,0,0,0,1.01403675719782e-06,0.0454058705747644,1.86457172595812e-06,0,4.01026065014551e-05
"UCG.MI",-2.5853887126847e-05,-2.14619561781366e-05,-4.25007737146514e-05,-0.00274318047976816,-0.00232124650549415,-0.000721549522943089,-1.59361768021753e-05,-2.12364219434625e-05,-2.4902086517795e-05,-2.80078728411942e-05,-3.06990130208119e-05,-2.42772779622461e-05,0.0328017912062491,0.0195661543571054,-0.000162200530930146,-5.23241380509041e-05,-0.000176078773830218,-0.000242676210381137,0.00525642622346676,-0.000146444581917423,-2.07290094540971e-05,-8.08510001277206e-05,-1.76731851694038e-05,-8.08281451343798e-05,-0.00123220774750117,-0.00352272955120826,-0.00289778473094712,-0.00432241754755227,0.00418601436774455,-0.0189826041734201,0.68121064994723,0.00227965000975443,0.0031134997284228,0.141859674542509,0.00702658333449863,-1.12938906755205e-05,-6.56736153847918e-06,0.000554289728748781,0.0100642855311668,-1.23915885771343e-07,0,0,0,5.816199210671e-07,-0.00489745767288114,-0.000169336033276621,-7.20225220878127e-07,0.000138703718599755,-0.000680069943802772,0.0739473891277515,-5.87874321404755e-06,-6.05296994324749e-06,-1.53395992749574e-05,-2.99007411283854e-05,-4.80210961260014e-05,-1.6676955393554e-06,-4.44679490210988e-06,-4.17120379752461e-06,-5.24174574736609e-06,-5.12992808173505e-05,-0.000385827877044547,-0.00010626852344356,5.20184195603989e-05,6.53531879399213e-05,8.39791354143099e-05,-1.20656645501847e-05,0.000323872035165308,-8.87608526057097e-07,-1.07450331347329e-06,-2.55390986149914e-05,-1.51825025331627e-05,-1.26757142197692e-05,0.0158707016157573,-5.64463334987862e-06,-2.42414679605548e-06,2.0173983088683e-05
"ISP.MI",-0.00489066858886364,-0.00334601334842868,-0.00197280950503071,-0.000272851555859989,-0.00228487657119566,-0.00224388794206043,-0.00194520741957756,-0.00164867601976933,-0.00497484328226864,-0.00478554011532964,-0.00473323897626834,-0.00453458421113832,0.00165097701483273,0.0307179112814176,-1.7860496818622e-05,-6.03803398139092e-06,-1.69871799180113e-05,-2.41294542772016e-05,0.00716700361133107,-0.000410493625605599,-5.00014559920992e-05,-6.93231403163138e-05,-6.86673435857006e-06,-6.11844252741325e-05,-0.00129498527390163,-0.00407669122424995,-0.0104928233113758,-0.0115679888119938,-0.0233972346422947,-0.000695028902369066,-0.00227965000975443,0.690032608604144,0.00300978546115752,0.138767540109978,0.00523349601170967,-0.000119282768878291,-2.38480523680589e-05,-1.85098687340324e-05,0.0137146775357407,-3.50267941265769e-06,0,0,0,7.63347800152327e-07,-6.45912992648045e-05,-6.30060704231866e-06,-7.29063710621899e-06,0.000221294871294444,-2.3147792842381e-05,0.0586537987919376,-2.49432887033454e-05,-2.73700726037747e-05,-4.81472566050779e-05,-2.17419575915753e-05,-6.79285204719311e-05,-8.1416733490042e-06,-0.000156196384384431,-6.22902979190703e-06,-1.166791731744e-05,-2.53422474020678e-05,-1.70160001632501e-05,-0.0197918102844078,-6.38155758116751e-05,1.19293993202305e-05,0.000254860844210732,-0.000446986351994513,-0.000393440479606024,-2.63804246272396e-06,-1.36957384006602e-06,-1.75615746000699e-05,-0.000136005902055505,-6.1062119917668e-05,0.0452323734979602,-0.000164916172905169,-1.40132344495198e-06,2.23986689881559e-05
"UNI.MI",-0.00307001784020622,-0.00411833665812428,-0.0048660616348369,-0.00391156839490736,-0.00365653372321845,-0.0042480869135486,-0.00299705553450114,-0.00431088754924551,-0.00280462065358324,-0.00476981848108061,-0.00460544686818218,-0.00286862099834255,0.0100867763293779,0.022332941667644,-0.00374769903619607,-0.000172664156277774,-0.000303878139468849,-0.000342050378861325,0.00047687542004493,-0.000835989064867212,-8.17554591705153e-05,-0.000408592281207009,-8.519856781423e-05,-0.000324681957745926,-0.00277405739438528,-0.00230439529179877,-0.00350509650747938,-0.00439334627489895,-0.00203771222272838,-0.00403575749959048,-0.0031134997284228,-0.00300978546115752,0.807026231525623,0.0748443957646005,-0.035884922091617,-0.0386465288085066,-0.0411270507185235,-0.0320576714428268,-0.0304131243031099,-2.66745870134868e-05,0,0,0,3.96204782591447e-05,-0.00193433914279428,-0.000675615911105719,-0.000709111214660611,0.000147239458468221,-0.0014551191497325,0.0199578199847231,-0.000296187956702171,-0.00033408041494466,-0.000405877121312385,-0.00178424395807876,-0.00395148850155295,-0.000487030420052019,-0.00050074681235851,-0.00055498222961091,-0.00102975824461088,-0.00256097280546702,-0.00246032313654237,-0.00328976918556233,-0.00259365566577209,-0.00416343078914114,-0.00202614348935281,-0.00170252653409261,-0.00133625651657242,-9.81315126571818e-05,-0.000144140737444886,-0.00182771574957045,-0.000279965755936819,-0.00230850498700122,0.0188454247392967,-0.000686718261382465,-9.31512210447997e-05,-0.000286167965248335
"MB.MI",-0.146482723131195,-0.171169624552421,-0.272786647744356,-0.27011383095418,-0.197124099624569,-0.258088309247703,-0.225387084087852,-0.231518162127835,-0.146877141169236,-0.270746889627364,-0.220546796042088,-0.173092836540205,-0.239919288462569,-0.0852928342017619,-0.0216435743627271,-0.0113861188326753,-0.0223347241698735,-0.0238884843957829,-0.00723167918515201,-0.0629539293854997,-0.0102848594835912,-0.0285161520072437,-0.00672541676559636,-0.0213307596936425,-0.173657996899674,-0.180655633430621,-0.218973566668013,-0.276677350697834,-0.175591369017366,-0.269880508834092,-0.141859674542509,-0.138767540109978,-0.0748443957646005,0.776332426040409,-0.099101744234174,-0.12276720426285,-0.177499985955533,-0.126976020669301,-0.138230216849804,-0.00204304507086344,0,0,0,-0.00150071228666028,-0.153302625820955,-0.0574847017568527,-0.0067786868823804,-0.121618438908024,-0.174488323847671,-0.0937777872645277,-0.0439918402173237,-0.0515389857130856,-0.0332590252805427,-0.168820747642822,-0.180612803674023,-0.027508189124417,-0.0480083308317175,-0.0837692554646996,-0.116047195788304,-0.23044780970047,-0.200092539733526,-0.284383163167789,-0.108815440512073,-0.139915747365438,-0.0880370421559743,-0.152088371132409,-0.0700015377820511,-0.0224139698981386,-0.0234363147903158,-0.122515716141279,-0.0441177349225074,-0.186745842556604,-0.016678672064379,-0.0101035341800703,-0.0108711081661363,-0.0133343803117887
