"","tables.JPM","tables.BAC","tables.C","tables.WFC","tables.GS","tables.MS","tables.BK","tables.USB","tables.PNC","tables.COF","tables.STT","tables.AXP","tables.FITB","tables.RF","tables.X8306.T","tables.X8411.T","tables.X8316.T","tables.X8308.T","tables.X8604.T","tables.X8309.T","tables.X8331.T","tables.X8377.T","tables.X8355.T","tables.X8418.T","tables.TD.TO","tables.RY.TO","tables.BNS.TO","tables.BMO.TO","tables.CM.TO","tables.NA.TO","tables.UCG.MI","tables.ISP.MI","tables.UNI.MI","tables.MB.MI","tables.NAB.AX","tables.CBA.AX","tables.ANZ.AX","tables.WBC.AX","tables.MQG.AX","tables.X600036.SS","tables.X600000.SS","tables.X600016.SS","tables.X600015.SS","tables.HSBA.L","tables.BARC.L","tables.LLOY.L","tables.STAN.L","tables.SAN.MC","tables.BBVA.MC","tables.SAB.MC","tables.SHB.A.ST","tables.SEB.A.ST","tables.SWED.A.ST","tables.BNP.PA","tables.ACA.PA","tables.X055550.KS","tables.X024110.KS","tables.UBSG.SW","tables.CSGN.SW","tables.KBC.BR","tables.ITUB4.SA","tables.BBDC4.SA","tables.DBK.DE","tables.CBK.DE","tables.BIRG.IR","tables.SBIN.NS","tables.BANKBARODA.NS","tables.D05.SI","tables.U11.SI","tables.EBS.VI","tables.DANSKE.CO","tables.INGA.AS","tables.DNB.OL","tables.SBER.ME","tables.ISCTR.IS","tables.SBK.JO"
"JPM",1,0,0,0,0,0,0,0,0,0,0,0,0,0,0,0,0,0,0,0,0,0,0,0,0,0,0,0,0,0,0,0,0,0,0,0,0,0,0,0,0,0,0,0,0,0,0,0,0,0,0,0,0,0,0,0,0,0,0,0,0,0,0,0,0,0,0,0,0,0,0,0,0,0,0,0
"BAC",0,0.996946327667442,1.47833381207311e-15,0,0,0,3.31305108410166e-12,0,0,4.44958008742515e-11,3.5615888675641e-09,0,1.87889250401934e-15,3.79154406112433e-15,2.05679181065126e-14,0,0,0,4.64837310005873e-11,0,1.20709654075319e-13,8.04456805993852e-13,0,0,0,0,0,0,0,0,1.51868305874612e-08,6.31458356003252e-14,7.73066782013628e-16,6.44960855652244e-15,0,0,0,5.61071671095856e-09,0,0,0,0,0,0,0,3.15319776822984e-19,0,0,0,7.79879287036225e-09,0,0,4.45569469705804e-06,0,0,2.03186514451884e-08,5.89200967141375e-09,0,0,0,0,1.57360565389445e-09,8.72140015239852e-11,5.11590502239929e-10,5.69016266857425e-06,0.0030367805104857,2.5279204505069e-08,0,6.39843978125519e-13,1.25074616228077e-06,3.12504702180046e-15,8.91441090506909e-15,5.4092958894238e-06,0,3.29539448668816e-13,6.15311164427702e-12
"C",0,-1.47833381207311e-15,0.999394021957741,0,0,-1.52864228281463e-16,6.99216893647622e-13,0,-4.70175967558513e-22,8.77988762673426e-12,-1.06496017256643e-07,0,8.93400610977741e-17,-2.13899150839895e-16,-7.25064638476678e-09,-2.0926620598765e-09,-4.50975838388003e-09,-1.50117855439179e-09,-4.79214152805538e-09,-3.60079864753621e-09,-0.00302432928599709,-0.000434808902961249,-6.13927815570654e-10,-4.27052584317884e-10,0,0,0,0,0,0,-1.84216017261717e-08,5.61045135286778e-14,7.67584397828619e-16,5.73041986180044e-15,-1.45401090015789e-16,-2.33786333051301e-17,-1.6461885316494e-14,1.1071310877154e-09,-0.010675186296922,-2.93148643926334e-13,-1.12691977349013e-12,0,0,-1.60026083621123e-18,-1.82344404351004e-12,-2.59008089344097e-11,-1.21801643838319e-10,-4.3829441420193e-11,-1.03133631799201e-12,7.65843260853111e-09,-1.75421626985714e-13,-8.0004254662821e-13,8.79174912120171e-07,0,-3.92216878666669e-11,3.97304565398418e-09,8.55731088711051e-10,-5.88811382468498e-10,-3.98359850253117e-10,-9.47425666846421e-11,-2.57667430375551e-16,3.10510571414218e-10,-1.56273081921821e-11,-1.21154288220917e-10,1.12274505753183e-06,0.000599230862807602,4.98705931999058e-09,-4.90195823032799e-13,3.40552453760277e-06,2.45942528113444e-07,-6.86937755239399e-11,-3.96579656796791e-10,1.06738598161283e-06,0,-3.8577399969859e-11,1.22020784892434e-12
"WFC",0,0,0,1,0,0,0,0,0,0,0,0,0,0,0,0,0,0,0,0,0,0,0,0,0,0,0,0,0,0,0,0,0,0,0,0,0,0,0,0,0,0,0,0,0,0,0,0,0,0,0,0,0,0,0,0,0,0,0,0,0,0,0,0,0,0,0,0,0,0,0,0,0,0,0,0
"GS",0,0,0,0,1,0,0,0,0,0,0,0,0,0,0,0,0,0,0,0,0,0,0,-0.000187403941245119,0,0,0,0,0,0,0,0,0,0,0,0,0,0,-0.00187323785014037,0,0,0,0,0,0,0,0,0,0,0,0,0,0,0,0,0,0,0,0,0,0,0,0,0,0,0,0,0,0,0,0,0,0,0,0,0
"MS",0,0,1.52864228281463e-16,0,0,0.999684240960513,3.42579594062088e-13,0,0,4.60100161875466e-12,3.68279159449485e-10,0,1.94283219598402e-16,3.92057228323932e-16,2.12678550881504e-15,0,0,0,4.80655966130097e-12,0,1.24817466567108e-14,8.31832890716157e-14,0,0,0,0,0,0,0,0,1.57036463539857e-09,6.52947213234307e-15,7.99374647846472e-17,6.6690920998942e-16,0,0,0,5.80165232724972e-10,0,0,0,0,0,0,0,3.26050273302853e-20,0,0,0,8.06418985968472e-10,0,0,4.60732431174281e-07,0,0,2.10101057523209e-09,6.09251783387499e-10,0,0,0,0,1.62715627510809e-10,9.01819394877173e-12,5.29000193882905e-11,5.88380187224303e-07,0.000314012373527872,2.61394690203132e-09,0,6.61618202451436e-14,1.29330970658741e-07,3.23139400201439e-16,9.21777295803241e-16,5.59337705009461e-07,0,3.40753847998752e-14,6.36250524306872e-13
"BK",0,-3.31305108410166e-12,-6.99216893647622e-13,0,0,-3.42579594062088e-13,0.999599045454198,0,-1.05369774154989e-18,5.35125088083438e-12,-0.000926507263070359,0,-2.31996738010043e-12,-7.45066484804322e-12,-6.26379005075754e-05,-1.807833613497e-05,-3.8958007061034e-05,-1.29633988725514e-05,-2.60981939080336e-05,-3.11069028271651e-05,-1.83543288866352e-08,-7.47650667394311e-06,-5.30255671043563e-06,-3.67887332866083e-06,0,0,0,0,0,0,-8.06975737200573e-09,8.29120059474639e-15,1.01505534005113e-16,8.46849167349443e-16,-1.23321014399713e-12,-1.98284398979023e-13,-1.40609014462611e-10,7.3525900174299e-10,-7.49135177079112e-10,-2.81156746773417e-11,-4.8784360351999e-10,0,0,-3.58629820610017e-15,-1.56312459258794e-08,-2.23739038475422e-07,-1.05223309305803e-06,-3.78639777701934e-07,-8.90964846313339e-09,-3.07424615815611e-07,-7.47946117253614e-14,-6.90579393869021e-09,2.19327348152399e-07,0,-3.38833684758289e-07,-3.1083733346248e-07,-2.63421310455503e-06,-5.08670143765705e-06,-3.4414009889762e-06,-8.18475050904108e-07,-9.79305276871552e-13,2.05835532253394e-10,-2.82923174078771e-07,-1.88345118316232e-06,7.41106530899798e-07,0.000398735524108131,-1.0298738452162e-09,-4.15756139133612e-09,-6.30618965747281e-10,-7.26695294481478e-06,-5.93400949097546e-07,-3.42605289463496e-06,7.10148623633158e-07,0,-5.77560248039117e-11,-1.92744723143939e-13
"USB",0,0,0,0,0,0,0,1,0,0,0,0,0,0,0,0,0,0,0,0,0,0,0,0,0,0,0,0,0,0,0,0,0,0,0,0,0,0,0,0,0,0,0,0,0,0,0,0,0,0,0,0,0,0,0,0,0,0,0,0,0,0,0,0,0,0,0,0,0,0,0,0,0,0,0,0
"PNC",0,0,4.70175967558513e-22,0,0,0,1.05369774154989e-18,0,0.999999999028796,1.41516456279954e-17,1.13274382157591e-15,0,5.97571464442729e-22,1.20587981071741e-21,6.54151364016532e-21,0,0,0,1.47838959106821e-17,0,3.83910439814184e-20,2.55853078667516e-19,0,0,0,0,0,0,0,0,4.83008824346206e-15,2.00831869691454e-20,2.45869653560104e-22,2.05126265710186e-21,0,0,0,1.78445770280549e-15,0,0,0,0,0,0,0,1.00285727044407e-25,0,0,0,2.48036333449544e-15,0,0,1.41710928088479e-12,0,0,6.46223574452967e-15,1.87392138737342e-15,0,0,0,0,5.00476654753521e-16,2.77379352459548e-17,1.62708555686142e-16,1.80972505425583e-12,9.65831399593151e-10,8.03991246105149e-15,0,2.03498870853653e-19,3.97792962738091e-13,9.93904079810234e-22,2.83517953677011e-21,1.72039691431636e-12,0,1.0480821575019e-19,1.95696343898575e-18
"COF",0,-4.44958008742515e-11,-8.77988762673426e-12,0,0,-4.60100161875466e-12,-5.35125088083438e-12,0,-1.41516456279954e-17,0.999547297391538,5.07515426301876e-10,0,-1.07366924092518e-06,-4.02195379290215e-06,-8.23075373354906e-09,-1.74747272545042e-12,-8.63652858279789e-10,-2.59938868857083e-08,5.74513719153236e-12,-0.000822665856850133,-1.3680067994628e-07,-7.05097984856123e-10,-6.2849620674272e-11,-7.72163415905392e-08,0,0,0,0,0,0,2.2513322367445e-09,9.36128103906308e-15,1.14606059759805e-16,9.56145369137241e-16,-6.53896609312815e-18,-1.05138201143693e-18,-0.000132004604790244,-0.000164238551874894,-0.00129477882298319,-3.59154143623936e-08,-1.66732417599751e-06,0,0,-4.81656354832778e-14,-0.00244119400073644,-0.00139646221140163,-1.37776614124487e-09,-8.37666803224515e-15,-3.69788382739699e-15,1.15615592374169e-09,-6.98326882385403e-19,-1.52885397366214e-14,6.60550444423868e-07,0,-7.49161591357662e-15,3.0115173496874e-09,-7.02748134432883e-08,-9.20903246105556e-12,-2.08308779237695e-11,-1.8096490968992e-14,-3.81998418063274e-07,-3.05070688125108e-07,-5.70651144466348e-11,6.5855410907954e-11,-6.85358683961551e-06,0.000450183855024624,-0.00169645104444665,-0.00246312108215377,9.48074132794452e-14,1.85421189651688e-07,-0.000224035712159691,-7.4428512472015e-14,8.01920483398183e-07,0,-1.83599072568474e-08,9.12190097932423e-13
"STT",0,-3.5615888675641e-09,1.06496017256643e-07,0,0,-3.68279159449485e-10,0.000926507263070359,0,-1.13274382157591e-15,-5.07515426301876e-10,0.995839720751306,0,1.15052462645334e-07,8.34847808431325e-07,-0.0673251903729731,-0.0194311656681009,-0.0418732942928755,-0.0139334698302304,-0.0280511676175821,-0.0334346799254315,1.40290996963879e-05,-0.00803598519739966,-0.00569935513623154,-0.00395416904455185,0,0,0,0,0,0,-1.05250946800974e-05,8.18639089455044e-13,8.07194548679283e-15,8.36144082322635e-14,-1.3254931458368e-09,-2.13122323922171e-10,-1.5113100252634e-07,4.32828814689936e-09,-8.0519411410848e-07,-3.02196137203222e-08,-5.24349686417249e-07,0,0,-3.85533438584902e-12,-1.68009559647459e-05,-0.000240481772807398,-0.00113097330426627,-0.000406973971174171,-9.57637107967699e-06,-0.000331448867035469,-8.03916071953824e-11,-7.42256505963165e-06,-0.000388776070645797,0,-0.000364189127435547,-0.000336944010566676,-0.00283216051101291,-0.00546734708339326,-0.00369892628675915,-0.000879722790339368,-1.05258822012802e-09,8.07261097231082e-10,-0.000304106951477987,-0.00202424439876637,-5.15422124205543e-07,0.00317989434994528,-4.6615914469206e-06,-4.46867807053036e-06,-6.77898314043449e-07,-0.00798595791550878,-0.000637806049823527,-0.00368242967195963,5.55322146580474e-06,0,-6.21244332533858e-08,8.4952438933629e-10
"AXP",0,0,0,0,0,0,0,0,0,0,0,1,0,0,0,0,0,0,0,0,0,0,0,0,0,0,0,0,0,0,0,0,0,0,0,0,0,0,0,0,0,0,0,0,0,0,0,0,0,0,0,0,0,0,0,0,0,0,0,0,0,0,0,0,0,0,0,0,0,0,0,0,0,0,0,0
"FITB",0,-1.87889250401934e-15,-8.93400610977741e-17,0,0,-1.94283219598402e-16,2.31996738010043e-12,0,-5.97571464442729e-22,1.07366924092518e-06,-1.15052462645334e-07,0,0.997339246203468,1.05030169283912e-15,-7.94693066792717e-09,-2.29361938266473e-09,-4.94290590287856e-09,-1.64549009894718e-09,5.14091160147127e-08,-3.94658984653658e-09,-0.00331475265719502,-0.000637183560695531,-6.729256495056e-10,-4.68347707875644e-10,0,0,0,0,0,0,-3.37318299652685e-08,7.75203410187113e-11,6.36881258069185e-13,7.91779616162436e-12,-1.60497107563356e-16,-2.58058796110144e-17,-0.000430755069291007,5.01678438276147e-09,-9.57325311329078e-14,-4.28286969571717e-13,-1.56043150376999e-12,0,0,-2.0338559972572e-18,-2.00685460910488e-12,-2.8380700823998e-11,-1.33498238153177e-10,-4.80383397077065e-11,-1.13037455763686e-12,6.42481976991074e-06,-2.57065027711785e-13,-8.77177717322307e-13,2.95095400246596e-06,0,-4.29881081323993e-11,1.81279637803469e-08,4.93140282455668e-09,-6.45354443885796e-10,-4.36614081810366e-10,-1.03840602557081e-10,-3.16638912453997e-16,1.40739512169196e-09,2.66729459478482e-10,5.70818317945013e-10,5.08772885281247e-06,0.00200990065010317,0.000623041204647404,-5.41089676429985e-13,-1.95183321721051e-11,8.26866710774679e-07,1.72821925139982e-12,-4.346656479051e-10,1.13434149341774e-05,0,8.06533347745466e-09,3.61907789290245e-09
"RF",0,-3.79154406112433e-15,2.13899150839895e-16,0,0,-3.92057228323932e-16,7.45066484804322e-12,0,-1.20587981071741e-21,4.02195379290215e-06,-8.34847808431325e-07,0,-1.05030169283912e-15,0.993909233798115,-0.00203322887037605,-1.64461282580048e-08,-0.000212732448219844,-0.00613259168310761,1.88334366691715e-07,-2.82983913367348e-08,-0.0237681021167635,-6.81288229296782e-09,-1.54525568663553e-05,-0.0190789051148992,0,0,0,0,0,0,-2.23405486528736e-09,2.90330643864056e-10,2.38458421178032e-12,2.96538795802496e-11,-1.12152751073894e-15,-1.80327261730526e-16,-1.28051538343918e-13,1.0326583982033e-08,-6.81723868629182e-13,-6.27113361626149e-14,-8.87580507854773e-13,0,0,-4.10425535845518e-18,-1.42080474034722e-11,-2.03510957822275e-10,-0.000337433189632629,-3.44454103072245e-10,-8.10523663473224e-12,2.40556352058074e-05,-2.22722441318955e-14,-6.28210725518689e-12,5.40700079467092e-06,0,-3.08241922418047e-10,3.71115081089509e-08,8.44576422590983e-09,-4.62744638301465e-09,-3.13069282436177e-09,-7.44578636925854e-10,-9.93024577737662e-16,2.89760991319611e-09,7.44784643976436e-10,2.97145764932684e-10,1.04727930158821e-05,0.00368170559998208,0.00233390665704315,-3.78104230863971e-12,4.86814960624093e-12,1.50960876607136e-06,-2.51305997086069e-10,-3.1167296202219e-09,2.93479883812699e-05,0,3.04198396694305e-08,1.35459479406596e-08
"X8306.T",0,-2.05679181065126e-14,7.25064638476678e-09,0,0,-2.12678550881504e-15,6.26379005075754e-05,0,-6.54151364016532e-21,8.23075373354906e-09,0.0673251903729731,0,7.94693066792717e-09,0.00203322887037605,0.92158730348874,-8.20307357527825e-14,-1.4461935636908e-11,-1.50539425938016e-11,-1.09920486412817e-08,-1.94630356845339e-12,2.27158135646489e-06,4.90319019495883e-11,-5.96820287079555e-12,-2.29697637746485e-11,0,0,0,0,0,0,-3.59193307407798e-07,1.59544846679088e-12,1.19311850910968e-14,1.6295640060945e-13,-1.96693428395033e-16,-3.16257844798618e-17,-3.14372552931032e-15,7.94531621183863e-10,-1.77465201900725e-14,-1.66018446798399e-11,-4.10992028849285e-11,0,0,-2.22642772284939e-17,-1.70875796301801e-12,-3.14576513014023e-14,-9.13180166488632e-15,-1.55911699458189e-16,-5.59076087515874e-18,1.18850909819673e-07,-1.00631545887972e-11,-5.62965299386325e-14,5.01315036528688e-07,0,-1.44537256296878e-16,2.8747622060899e-09,2.20055918618909e-06,-8.93197334730518e-15,-1.13385805355445e-14,-3.49139248919475e-16,-2.75302259826388e-15,2.22227708508895e-10,0.000923478827528849,0.00493537016491479,8.02224174857675e-07,0.000364095592250514,4.77645279565802e-06,-6.63133545313151e-13,6.77420964122906e-06,1.49671627715946e-07,3.10308565654982e-13,0.00268217361440984,8.66693094365377e-07,0,-2.15418319135307e-09,6.70192824686436e-05
"X8411.T",0,0,2.0926620598765e-09,0,0,0,1.807833613497e-05,0,0,1.74747272545042e-12,0.0194311656681009,0,2.29361938266473e-09,1.64461282580048e-08,8.20307357527825e-14,0.968373451562593,0,0,7.03771458553177e-10,0,6.58676744098949e-07,3.20840365734993e-12,0,0,0,0,0,0,0,0,6.05677950733137e-08,9.56140213137198e-13,1.7305973117967e-14,9.76585398111844e-14,0,0,0,3.14524962060782e-10,0,0,0,0,0,0,0,1.40286058628201e-20,0,0,0,1.74584521086772e-07,0,0,9.31681839624977e-08,0,0,1.13902080681459e-09,1.19589013175583e-05,0,0,0,0,8.82132999080622e-11,0.0119695159033068,1.84658916846225e-08,3.18978535796626e-07,7.23521961231908e-05,1.12473178553558e-09,0,8.78137424593734e-05,2.97327013041589e-08,1.39040756173912e-16,3.55731193072627e-14,1.28866174784279e-07,0,1.46619594570404e-14,3.41564405849326e-05
"X8316.T",0,0,4.50975838388003e-09,0,0,0,3.8958007061034e-05,0,0,8.63652858279789e-10,0.0418732942928755,0,4.94290590287856e-09,0.000212732448219844,1.4461935636908e-11,0,0.909613809281463,0,2.89625650529279e-09,0,1.41941896953164e-06,5.65638315492509e-10,0,0,0,0,0,0,0,0,1.06780204970673e-05,3.93483662808398e-12,2.79626143659797e-15,4.01897539936547e-13,0,0,0,6.3761048257698e-10,0,0,0,0,0,0,0,6.25378885568049e-18,0,0,0,2.82089882212662e-08,0,0,4.17585190253136e-07,0,0,2.30904282299198e-09,2.63105667577548e-06,0,0,0,0,1.78647368216684e-10,2.4109568116637e-11,0.0475309863811938,6.46638844286619e-07,0.000298319368346862,5.01366415544517e-07,0,1.9271939675324e-13,1.2261156392427e-07,6.1979546238265e-14,6.27158938056029e-12,5.92544016140875e-07,0,6.53580739214319e-12,0.000414845810193919
"X8308.T",0,0,1.50117855439179e-09,0,0,0,1.29633988725514e-05,0,0,2.59938868857083e-08,0.0139334698302304,0,1.64549009894718e-09,0.00613259168310761,1.50539425938016e-11,0,0,0.930076544864797,8.94911243626163e-09,0,4.7231610796921e-07,5.88793018034715e-10,0,0,0,0,0,0,0,0,1.11151308561445e-05,1.21582153115035e-11,2.62927143307447e-14,1.24181949228512e-12,0,0,0,4.31302873657346e-08,0,0,0,0,0,0,0,1.82038548801332e-16,0,0,0,2.65243730676088e-07,0,0,4.43308309885918e-07,0,0,1.56192037641739e-07,2.87645100675221e-06,0,0,0,0,1.20957530870529e-08,1.204115162234e-06,0.0490712218198017,4.37409983422168e-05,0.000266626092179218,1.45940307148793e-05,0,8.83424876604209e-09,1.09616438825473e-07,1.80413241397136e-12,6.52832032901916e-12,7.84051692609554e-07,0,1.90247633799535e-10,0.000430717890800662
"X8604.T",0,-4.64837310005873e-11,4.79214152805538e-09,0,0,-4.80655966130097e-12,2.60981939080336e-05,0,-1.47838959106821e-17,-5.74513719153236e-12,0.0280511676175821,0,-5.14091160147127e-08,-1.88334366691715e-07,1.09920486412817e-08,-7.03771458553177e-10,-2.89625650529279e-09,-8.94911243626163e-09,0.957601755160295,-3.59193376995228e-10,-1.53109522903882e-05,4.75097924677524e-07,-4.55077144946111e-06,-6.12809868122302e-05,0,0,0,0,0,0,0.00879995520502017,0.00130099272329804,5.84152577762845e-15,0.000132881190349048,-2.8198931159456e-14,-4.53402702209412e-15,-2.16156015287396e-11,2.60830227882889e-10,-1.72397515237649e-10,-4.17783120959578e-08,-1.02975248571838e-07,0,0,-5.03175220871825e-14,-1.81457529297725e-07,-2.22891508349335e-09,-1.19197838060529e-10,-3.96823938074715e-13,-9.2623221997401e-15,-0.00420359366981903,-1.36108732582807e-09,-3.02155234169796e-12,3.70496261810172e-08,0,-2.20363709915565e-13,8.07523683600805e-10,1.38202760874156e-06,-1.26842236774433e-11,-2.36150995954116e-11,-5.32303034803707e-13,-2.02943449704097e-08,-1.6146652848416e-08,0.00376328877223959,-1.90976743777729e-08,-8.68908326954746e-06,9.63701653460546e-05,-9.01264256574019e-05,-9.51034997252885e-11,1.82002676348446e-05,3.96081981454032e-08,-2.99681714831128e-10,5.2738698882961e-09,1.71665915515937e-07,0,-3.18393139224339e-07,1.07394376365215e-05
"X8309.T",0,0,3.60079864753621e-09,0,0,0,3.11069028271651e-05,0,0,0.000822665856850133,0.0334346799254315,0,3.94658984653658e-09,2.82983913367348e-08,1.94630356845339e-12,0,0,0,3.59193376995228e-10,0.959079212444959,1.13336721478287e-06,7.61242408718403e-11,0,0,0,0,0,0,0,0,1.43706023152314e-06,4.87998077023996e-13,4.6458417907045e-16,4.98432959706412e-14,0,0,0,4.39164482237709e-10,0,0,0,0,0,0,0,1.72966714047867e-20,0,0,0,4.68677772075876e-09,0,0,2.86713124815255e-07,0,0,1.59039040845999e-09,3.52320929322559e-07,0,0,0,0,1.23170383586046e-10,9.55049122122801e-12,0.0063579698361224,4.45382911062598e-07,0.000214703414499718,1.38677444522884e-09,0,8.24021659090514e-14,8.80899844069471e-08,1.7143479705535e-16,8.44037049787296e-13,3.82425223480549e-07,0,1.80779617857074e-14,5.5491739336211e-05
"X8331.T",0,-1.20709654075319e-13,0.00302432928599709,0,0,-1.24817466567108e-14,1.83543288866352e-08,0,-3.83910439814184e-20,1.3680067994628e-07,-1.40290996963879e-05,0,0.00331475265719502,0.0237681021167635,-2.27158135646489e-06,-6.58676744098949e-07,-1.41941896953164e-06,-4.7231610796921e-07,1.53109522903882e-05,-1.13336721478287e-06,0.951926138890929,1.42373549082216e-07,-1.9319647357777e-07,-1.34038237146585e-07,0,0,0,0,0,0,0.00783008624743258,2.20932362275915e-08,2.05282778458062e-10,2.25656567943194e-09,-4.49315045573566e-14,-7.22441055139375e-15,-5.12303162999843e-12,4.26836597664287e-10,-2.72944321670164e-11,-1.02438304699922e-12,-1.77743811154432e-11,0,0,-1.30665300618711e-16,-5.69518018461453e-10,-8.15183888547279e-09,-3.83376801158133e-08,-1.37955846213429e-08,-3.24619378517416e-10,0.0020709035105354,-2.72511092611609e-15,-2.51609762811962e-10,0.00103296418654983,0,-1.23452659913722e-08,-9.8764974245526e-09,2.73549414538145e-07,-1.85331875463823e-07,-1.25386030087857e-07,-2.98208019604695e-08,-3.56805851176162e-14,1.1964104470201e-10,5.51465834205066e-08,0.00666244025202777,4.32714203469132e-07,0.000193589469675266,7.93841002100398e-05,-1.51479039895688e-10,1.07639721769845e-08,-1.85575875167496e-07,-2.1610506034395e-08,-1.20227933425098e-07,1.23631795928829e-06,0,1.03274648330353e-09,5.84128156629489e-05
"X8377.T",0,-8.04456805993852e-13,0.000434808902961249,0,0,-8.31832890716157e-14,7.47650667394311e-06,0,-2.55853078667516e-19,7.05097984856123e-10,0.00803598519739966,0,0.000637183560695531,6.81288229296782e-09,-4.90319019495883e-11,-3.20840365734993e-12,-5.65638315492509e-10,-5.88793018034715e-10,-4.75097924677524e-07,-7.61242408718403e-11,-1.42373549082216e-07,0.975641896087231,-2.33429625404979e-10,-8.98398306765725e-10,0,0,0,0,0,0,-5.02517529879966e-05,1.02762680410637e-12,1.37761734624238e-15,1.0496005897564e-13,-7.69311538227812e-15,-1.23695443738974e-15,-1.22958064357011e-13,2.60834621072745e-09,-6.94105688075967e-13,-6.493348950335e-10,-1.60748080143483e-09,0,0,-8.70805166290731e-16,-6.68333064157217e-11,-1.2327035422253e-12,-3.57164977138727e-13,-6.09805168970865e-15,-2.18667033455442e-16,-4.52469394455585e-08,-3.9359225162234e-10,-2.20188190309011e-12,1.89409942684822e-06,0,-5.65317203936571e-15,9.34593875383505e-09,2.64007171366463e-07,-3.49349249301034e-13,-4.43476983664183e-13,-1.3655608874868e-14,-1.07676807869387e-13,7.30660115181706e-10,-1.90789095162516e-10,0.00474568891458209,2.50612769862196e-06,0.00132659333284494,4.09102540474691e-07,-2.59366208600899e-11,-3.15954993211486e-08,5.45350760263789e-07,-1.09072029585132e-11,0.00911776977695879,2.38989176593516e-06,0,-8.66848928775632e-08,4.14200146496084e-05
"X8355.T",0,0,6.13927815570654e-10,0,0,0,5.30255671043563e-06,0,0,6.2849620674272e-11,0.00569935513623154,0,6.729256495056e-10,1.54525568663553e-05,5.96820287079555e-12,0,0,0,4.55077144946111e-06,0,1.9319647357777e-07,2.33429625404979e-10,0.988395156417859,0,0,0,0,0,0,0,4.40664315740581e-06,6.18265422860485e-09,1.06876402657016e-10,6.31485817484758e-10,0,0,0,7.54798665731993e-11,0,0,0,0,0,0,0,4.55201277112397e-19,0,0,0,0.00107818064528013,0,0,0.00024438248870008,0,0,2.733428150159e-10,2.4789760383494e-07,0,0,0,0,2.11530469629478e-11,1.78864289392455e-08,0.00447690393442779,7.6548637621611e-08,3.59446347702854e-05,3.64935186961698e-08,0,1.32125030639896e-10,1.60424584854738e-08,4.51137463324082e-15,2.58818193710144e-12,6.96907338644503e-08,0,4.7572910126789e-13,3.96974434056724e-05
"X8418.T",0,0,4.27052584317884e-10,0,0.000187403941245119,0,3.67887332866083e-06,0,0,7.72163415905392e-08,0.00395416904455185,0,4.68347707875644e-10,0.0190789051148992,2.29697637746485e-11,0,0,0,6.12809868122302e-05,0,1.34038237146585e-07,8.98398306765725e-10,0,0.960308428097455,0,0,0,0,0,0,1.69598040059953e-05,8.32560273428107e-08,1.43708021932244e-09,8.50362943537471e-09,0,0,0,1.90504470533233e-09,0,0,0,0,0,0,0,5.58920974252324e-16,0,0,0,0.014497419820166,0,0,0.000148102462972787,0,0,6.89892955734995e-09,3.47581827365369e-08,0,0,0,0,5.2750308112187e-10,2.4089962166947e-07,0.000590065391078693,1.93201952565516e-06,0.000992134970508391,4.48086950602275e-05,0,1.77010493911172e-09,4.08194236336987e-07,5.53930718424024e-12,0.000106206118186736,2.31843401672385e-06,0,5.84125686322901e-10,5.18441481449812e-06
"TD.TO",0,0,0,0,0,0,0,0,0,0,0,0,0,0,0,0,0,0,0,0,0,0,0,0,1,0,0,0,0,0,0,0,0,0,0,0,0,0,0,0,0,0,0,0,0,0,0,0,0,0,0,0,0,0,0,0,0,0,0,0,0,0,0,0,0,0,0,0,0,0,0,0,0,0,0,0
"RY.TO",0,0,0,0,0,0,0,0,0,0,0,0,0,0,0,0,0,0,0,0,0,0,0,0,0,1,0,0,0,0,0,0,0,0,0,0,0,0,0,0,0,0,0,0,0,0,0,0,0,0,0,0,0,0,0,0,0,0,0,0,0,0,0,0,0,0,0,0,0,0,0,0,0,0,0,0
"BNS.TO",0,0,0,0,0,0,0,0,0,0,0,0,0,0,0,0,0,0,0,0,0,0,0,0,0,0,1,0,0,0,0,0,0,0,0,0,0,0,0,0,0,0,0,0,0,0,0,0,0,0,0,0,0,0,0,0,0,0,0,0,0,0,0,0,0,0,0,0,0,0,0,0,0,0,0,0
"BMO.TO",0,0,0,0,0,0,0,0,0,0,0,0,0,0,0,0,0,0,0,0,0,0,0,0,0,0,0,1,0,0,0,0,0,0,0,0,0,0,0,0,0,0,0,0,0,0,0,0,0,0,0,0,0,0,0,0,0,0,0,0,0,0,0,0,0,0,0,0,0,0,0,0,0,0,0,0
"CM.TO",0,0,0,0,0,0,0,0,0,0,0,0,0,0,0,0,0,0,0,0,0,0,0,0,0,0,0,0,1,0,0,0,0,0,0,0,0,0,0,0,0,0,0,0,0,0,0,0,0,0,0,0,0,0,0,0,0,0,0,0,0,0,0,0,0,0,0,0,0,0,0,0,0,0,0,0
"NA.TO",0,0,0,0,0,0,0,0,0,0,0,0,0,0,0,0,0,0,0,0,0,0,0,0,0,0,0,0,0,1,0,0,0,0,0,0,0,0,0,0,0,0,0,0,0,0,0,0,0,0,0,0,0,0,0,0,0,0,0,0,0,0,0,0,0,0,0,0,0,0,0,0,0,0,0,0
"UCG.MI",0,-1.51868305874612e-08,1.84216017261717e-08,0,0,-1.57036463539857e-09,8.06975737200573e-09,0,-4.83008824346206e-15,-2.2513322367445e-09,1.05250946800974e-05,0,3.37318299652685e-08,2.23405486528736e-09,3.59193307407798e-07,-6.05677950733137e-08,-1.06780204970673e-05,-1.11151308561445e-05,-0.00879995520502017,-1.43706023152314e-06,-0.00783008624743258,5.02517529879966e-05,-4.40664315740581e-06,-1.69598040059953e-05,0,0,0,0,0,0,0.999749505319571,2.48810487031681e-07,1.65580132037473e-18,2.54130811771818e-08,-1.45229270430577e-10,-2.33510069161059e-11,-2.3211843138086e-09,-1.69846318503028e-10,-1.31032317205571e-08,-1.22580289510678e-05,-3.0345737389306e-05,0,0,-1.6439379263881e-11,-1.26166732435987e-06,-2.32708655130379e-08,-6.74254064706001e-09,-1.15120930817335e-10,-4.12796875584718e-12,-0.00111651924214333,-7.43016469956996e-06,-4.15667420941987e-08,-2.44472038271544e-08,0,-1.06722249425504e-10,-1.88702153220679e-06,-2.57786271478123e-05,-6.59496374763573e-09,-8.37196075301035e-09,-2.5779461269753e-10,-2.03270368053904e-09,-1.62449555883946e-09,-3.74343654925808e-06,-0.000221461665000024,-0.00262705638534896,-4.83284887349885e-06,-9.02718143578858e-06,-4.89626939497084e-07,-0.000624425879349658,-2.28297482825819e-09,-2.06860093776679e-07,5.8611021371132e-07,-1.21049644880832e-08,0,-0.00163652282330985,1.05387963195567e-08
"ISP.MI",0,-6.31458356003252e-14,-5.61045135286778e-14,0,0,-6.52947213234307e-15,-8.29120059474639e-15,0,-2.00831869691454e-20,-9.36128103906308e-15,-8.18639089455044e-13,0,-7.75203410187113e-11,-2.90330643864056e-10,-1.59544846679088e-12,-9.56140213137198e-13,-3.93483662808398e-12,-1.21582153115035e-11,-0.00130099272329804,-4.87998077023996e-13,-2.20932362275915e-08,-1.02762680410637e-12,-6.18265422860485e-09,-8.32560273428107e-08,0,0,0,0,0,0,-2.48810487031681e-07,1,0,0,-3.83078568028994e-17,-6.15941281322694e-18,-2.93668425856012e-14,-4.64997103210109e-17,-2.34218360186388e-13,-5.67597957119275e-11,-1.39901632740142e-10,0,0,-6.83538500275036e-17,-2.46527247270878e-10,-3.02819221408586e-12,-1.61879339687813e-13,-5.39122691241694e-16,-1.25833647675787e-17,-5.71106037986377e-06,-1.84916610388521e-12,-4.10260540250838e-15,-1.22723035274492e-10,0,-2.99384869039618e-16,-1.86359363662252e-13,-3.23107548449508e-09,-1.72315912843996e-14,-3.20804637555753e-14,-7.23183841954564e-16,-2.7571790658822e-11,-2.20361572947506e-11,-8.08640669501372e-11,-5.85134435828772e-11,-1.21643703695122e-08,-2.06808581058352e-11,-1.22446309151625e-07,-1.29207017337232e-13,-1.27834893301958e-08,-6.56600164650375e-15,-4.07146132203214e-13,-3.02717363613129e-15,-3.26131278920838e-15,0,-4.32567262722606e-10,-3.3579161290461e-16
"UNI.MI",0,-7.73066782013628e-16,-7.67584397828619e-16,0,0,-7.99374647846472e-17,-1.01505534005113e-16,0,-2.45869653560104e-22,-1.14606059759805e-16,-8.07194548679283e-15,0,-6.36881258069185e-13,-2.38458421178032e-12,-1.19311850910968e-14,-1.7305973117967e-14,-2.79626143659797e-15,-2.62927143307447e-14,-5.84152577762845e-15,-4.6458417907045e-16,-2.05282778458062e-10,-1.37761734624238e-15,-1.06876402657016e-10,-1.43708021932244e-09,0,0,0,0,0,0,-1.65580132037473e-18,0,1,0,-2.10373861365807e-21,-3.38254229134142e-22,-1.11868194658073e-15,-2.35679110811288e-20,-3.92590672534978e-15,-6.16388103892913e-13,-1.50540865118895e-12,0,0,-8.36826219443238e-19,-4.45164577521072e-12,-7.96647113562457e-14,-1.08920832139365e-15,-6.91082784186727e-18,-1.46976113090647e-19,-9.85637489337806e-08,-1.19831542564727e-23,-1.33756303913944e-16,-2.11795629317915e-12,0,-2.95198916235222e-18,-6.07220792061708e-15,-5.48473513370204e-11,-2.32882304594271e-16,-4.04309729133402e-16,-7.13072397641983e-18,-2.26349157566857e-13,-1.80904668114781e-13,-1.36483980623095e-12,-3.21431192244095e-15,-1.32100073588988e-10,-2.53160093752338e-13,-1.00521650057688e-09,-8.01113679367571e-18,-1.80171772693567e-10,-6.47419682986751e-17,-4.97702392602674e-15,-2.98484816386476e-17,-1.79153288683536e-19,0,-2.92184031998082e-13,-5.79509741257804e-18
"MB.MI",0,-6.44960855652244e-15,-5.73041986180044e-15,0,0,-6.6690920998942e-16,-8.46849167349443e-16,0,-2.05126265710186e-21,-9.56145369137241e-16,-8.36144082322635e-14,0,-7.91779616162436e-12,-2.96538795802496e-11,-1.6295640060945e-13,-9.76585398111844e-14,-4.01897539936547e-13,-1.24181949228512e-12,-0.000132881190349048,-4.98432959706412e-14,-2.25656567943194e-09,-1.0496005897564e-13,-6.31485817484758e-10,-8.50362943537471e-09,0,0,0,0,0,0,-2.54130811771818e-08,0,0,1,-3.91269952593269e-18,-6.29111978734158e-19,-2.99947949722223e-15,-4.74940155136156e-18,-2.39226660886091e-14,-5.79734927267678e-12,-1.42893155029788e-11,0,0,-6.98154631762238e-18,-2.51798749402563e-11,-3.09294417107408e-13,-1.65340812176907e-14,-5.50650773624402e-17,-1.28524353669968e-18,-5.83318021570309e-07,-1.88870689771787e-13,-4.19033158030091e-16,-1.25347226917478e-11,0,-3.05786627842379e-17,-1.90344293497313e-14,-3.30016570268682e-10,-1.76000551000372e-15,-3.2766441613784e-15,-7.38647711391581e-17,-2.81613593772553e-12,-2.25073573403416e-12,-8.2593186574939e-12,-5.97646389212995e-12,-1.2424481594715e-09,-2.11230777338758e-12,-1.25064583548696e-08,-1.31969856231764e-14,-1.30568392012567e-09,-6.70640272613843e-16,-4.15852154468812e-14,-3.09190381282578e-16,-3.33104957291373e-16,0,-4.41816866053609e-11,-3.42971858588707e-17
"NAB.AX",0,0,1.45401090015789e-16,0,0,0,1.23321014399713e-12,0,0,6.53896609312815e-18,1.3254931458368e-09,0,1.60497107563356e-16,1.12152751073894e-15,1.96693428395033e-16,0,0,0,2.8198931159456e-14,0,4.49315045573566e-14,7.69311538227812e-15,0,0,0,0,0,0,0,0,1.45229270430577e-10,3.83078568028994e-17,2.10373861365807e-21,3.91269952593269e-18,0.988252914551276,0,0,9.72065479328146e-16,0,0,0,0,0,0,0,5.42189684546033e-26,0,0,0,2.12307313505168e-14,0,0,4.87724304741068e-13,0,0,3.52023826435433e-15,3.58186975950519e-11,0,0,0,0,2.7263293872636e-16,1.38355975071385e-16,6.47228786073327e-07,9.85831870973315e-13,3.49660979439471e-10,4.3602512381327e-15,0,1.02048581951817e-18,1.43675751229798e-13,5.39019239721765e-22,8.52984267113618e-17,0.0117464307118225,0,5.68399057512281e-20,5.64894960666724e-09
"CBA.AX",0,0,2.33786333051301e-17,0,0,0,1.98284398979023e-13,0,0,1.05138201143693e-18,2.13122323922171e-10,0,2.58058796110144e-17,1.80327261730526e-16,3.16257844798618e-17,0,0,0,4.53402702209412e-15,0,7.22441055139375e-15,1.23695443738974e-15,0,0,0,0,0,0,0,0,2.33510069161059e-11,6.15941281322694e-18,3.38254229134142e-22,6.29111978734158e-19,0,0.998111219090036,0,1.56295681052463e-16,0,0,0,0,0,0,0,8.71771581316853e-27,0,0,0,3.41362972581266e-15,0,0,7.84198225288597e-14,0,0,5.6600923363154e-16,5.75918788814534e-12,0,0,0,0,4.38358852790679e-17,2.22458690400215e-17,1.04066100553233e-07,1.58509140540093e-13,5.62210078242215e-11,7.01072562822428e-16,0,1.64081051696446e-19,2.31012209225928e-14,8.66673912038536e-23,1.37148947052109e-17,0.00188867563665442,0,9.13912896740881e-21,9.08278757738962e-10
"ANZ.AX",0,0,1.6461885316494e-14,0,0,0,1.40609014462611e-10,0,0,0.000132004604790244,1.5113100252634e-07,0,0.000430755069291007,1.28051538343918e-13,3.14372552931032e-15,0,0,0,2.16156015287396e-11,0,5.12303162999843e-12,1.22958064357011e-13,0,0,0,0,0,0,0,0,2.3211843138086e-09,2.93668425856012e-14,1.11868194658073e-15,2.99947949722223e-15,0,0,0.991786084027878,8.42514449722801e-12,0,0,0,0,0,0,0,3.35689582433766e-18,0,0,0,1.12853839470355e-08,0,0,2.28893992259032e-09,0,0,3.05108212075952e-11,4.86848885745409e-07,0,0,0,0,2.33509734277158e-12,0.000487263967311133,3.94720714999861e-07,8.54444197713999e-09,1.71435601354253e-06,2.69122341511602e-07,0,3.57478722426727e-06,7.05691724362615e-10,3.32692420024842e-14,1.3633039019059e-15,0.0071558821005878,0,3.50827606684901e-12,1.39390585203556e-06
"WBC.AX",0,-5.61071671095856e-09,-1.1071310877154e-09,0,0,-5.80165232724972e-10,-7.3525900174299e-10,0,-1.78445770280549e-15,0.000164238551874894,-4.32828814689936e-09,0,-5.01678438276147e-09,-1.0326583982033e-08,-7.94531621183863e-10,-3.14524962060782e-10,-6.3761048257698e-10,-4.31302873657346e-08,-2.60830227882889e-10,-4.39164482237709e-10,-4.26836597664287e-10,-2.60834621072745e-09,-7.54798665731993e-11,-1.90504470533233e-09,0,0,0,0,0,0,1.69846318503028e-10,4.64997103210109e-17,2.35679110811288e-20,4.74940155136156e-18,-9.72065479328146e-16,-1.56295681052463e-16,-8.42514449722801e-12,0.986103993104335,-4.77664385234668e-11,-4.52876927331943e-06,-1.12108361673696e-05,0,0,-6.07346604826138e-12,-2.07636978482127e-09,-9.82856275518375e-09,-1.58450351798629e-09,-2.40400497637537e-12,-5.23798255525019e-13,-9.76119069891166e-13,-2.62180684724037e-18,-2.28244507941585e-12,1.08986073458996e-10,0,-2.14957748270047e-12,-1.03066113115548e-10,-8.97144810326694e-06,-1.32166327408777e-09,-2.68051054506834e-09,-5.19244578894411e-12,-3.4814622848641e-11,-2.77821348192487e-11,-9.05117625975741e-09,7.5509002756792e-07,-0.00097057463423725,-1.76298444980513e-06,-1.54611044392989e-07,-9.52962763274236e-12,-3.04151683159824e-15,-1.65278066913092e-11,-7.63597968501083e-08,-2.17349473191916e-11,0.0137309278902344,0,-2.14676177071321e-06,6.60331006844872e-09
"MQG.AX",0,0,0.010675186296922,0,0.00187323785014037,0,7.49135177079112e-10,0,0,0.00129477882298319,8.0519411410848e-07,0,9.57325311329078e-14,6.81723868629182e-13,1.77465201900725e-14,0,0,0,1.72397515237649e-10,0,2.72944321670164e-11,6.94105688075967e-13,0,0,0,0,0,0,0,0,1.31032317205571e-08,2.34218360186388e-13,3.92590672534978e-15,2.39226660886091e-14,0,0,0,4.77664385234668e-11,0.98349457820777,0,0,0,0,0,0,2.68420209921028e-21,0,0,0,3.96049711104385e-08,0,0,1.75351688305501e-08,0,0,1.7298139705409e-10,2.61494455261934e-06,0,0,0,0,1.33967974683585e-11,0.00261728849345803,2.31725271955756e-09,4.84427966537917e-08,1.29810914022987e-05,2.15192522143919e-10,0,2.0909498206344e-05,5.34436768599568e-09,2.66023698588626e-17,7.69595256435463e-15,2.31233281217392e-08,0,2.80524715889077e-15,7.4687294083345e-06
"X600036.SS",0,0,2.93148643926334e-13,0,0,0,2.81156746773417e-11,0,0,3.59154143623936e-08,3.02196137203222e-08,0,4.28286969571717e-13,6.27113361626149e-14,1.66018446798399e-11,0,0,0,4.17783120959578e-08,0,1.02438304699922e-12,6.493348950335e-10,0,0,0,0,0,0,0,0,1.22580289510678e-05,5.67597957119275e-11,6.16388103892913e-13,5.79734927267678e-12,0,0,0,4.52876927331943e-06,0,0.995333930649806,0,0,0,0,0,2.54514991348472e-16,0,0,0,6.21818949565983e-06,0,0,6.848712958502e-06,0,0,1.64004866188541e-05,4.75580374292624e-06,0,0,0,0,1.27015803605783e-06,7.01090955070537e-08,1.72279773629226e-07,0.00459289518746676,3.89698732804917e-10,2.0404467113834e-05,0,5.14353283344924e-10,3.57527441961774e-11,2.52242586226484e-12,7.19958706917828e-12,1.3439867614992e-07,0,2.65992422723289e-10,2.87109747088585e-09
"X600000.SS",0,0,1.12691977349013e-12,0,0,0,4.8784360351999e-10,0,0,1.66732417599751e-06,5.24349686417249e-07,0,1.56043150376999e-12,8.87580507854773e-13,4.10992028849285e-11,0,0,0,1.02975248571838e-07,0,1.77743811154432e-11,1.60748080143483e-09,0,0,0,0,0,0,0,0,3.0345737389306e-05,1.39901632740142e-10,1.50540865118895e-12,1.42893155029788e-11,0,0,0,1.12108361673696e-05,0,0,0.98730337689846,0,0,0,0,0.00112719659704803,0,0,0,1.5186724408728e-05,0,0,1.77937597736066e-05,0,0,4.0598925989079e-05,2.05764631311641e-05,0,0,0,0,3.14423975757792e-06,1.73515831744306e-07,7.5982358731565e-06,0.0113695779963762,1.07190888690595e-08,5.05103289006748e-05,0,1.2729946469105e-09,9.69021170516485e-11,6.24415032354247e-12,1.78231573312701e-11,3.30335212859505e-07,0,6.58452126284149e-10,6.96715947038739e-08
"X600016.SS",0,0,0,0,0,0,0,0,0,0,0,0,0,0,0,0,0,0,0,0,0,0,0,0,0,0,0,0,0,0,0,0,0,0,0,0,0,0,0,0,0,1,0,0,0,0,0,0,0,0,0,0,0,0,0,0,0,0,0,0,0,0,0,0,0,0,0,0,0,0,0,0,0,0,0,0
"X600015.SS",0,0,0,0,0,0,0,0,0,0,0,0,0,0,0,0,0,0,0,0,0,0,0,0,0,0,0,0,0,0,0,0,0,0,0,0,0,0,0,0,0,0,1,0,0,0,0,0,0,0,0,0,0,0,0,0,0,0,0,0,0,0,0,0,0,0,0,0,0,0,0,0,0,0,0,0
"HSBA.L",0,0,1.60026083621123e-18,0,0,0,3.58629820610017e-15,0,0,4.81656354832778e-14,3.85533438584902e-12,0,2.0338559972572e-18,4.10425535845518e-18,2.22642772284939e-17,0,0,0,5.03175220871825e-14,0,1.30665300618711e-16,8.70805166290731e-16,0,0,0,0,0,0,0,0,1.6439379263881e-11,6.83538500275036e-17,8.36826219443238e-19,6.98154631762238e-18,0,0,0,6.07346604826138e-12,0,0,0,0,0,0.999996694473061,0,3.41326083197054e-22,0,0,0,8.44200592467193e-12,0,0,4.82318246635856e-09,0,0,2.19944520559702e-11,6.37795892019745e-12,0,0,0,0,1.70339031618071e-12,9.44070614284222e-14,5.53784428270726e-13,6.15946438877785e-09,3.2872419472602e-06,2.73641315714124e-11,0,6.92615734766961e-16,1.35390267285615e-09,3.38278832525173e-18,9.64963564573523e-18,5.85543284786561e-09,0,3.56718536358057e-16,6.66059553313175e-15
"BARC.L",0,0,1.82344404351004e-12,0,0,0,1.56312459258794e-08,0,0,0.00244119400073644,1.68009559647459e-05,0,2.00685460910488e-12,1.42080474034722e-11,1.70875796301801e-12,0,0,0,1.81457529297725e-07,0,5.69518018461453e-10,6.68333064157217e-11,0,0,0,0,0,0,0,0,1.26166732435987e-06,2.46527247270878e-10,4.45164577521072e-12,2.51798749402563e-11,0,0,0,2.07636978482127e-09,0,0,0,0,0,0,0.992777200601261,1.16662534447289e-19,0,0,0,4.49086813848274e-05,0,0,1.30650725570782e-08,0,0,0.000190871091544596,0.000226883813829879,0,0,0,0,5.82351216249178e-10,8.14894569750522e-07,0.00425373722241002,2.10577051292863e-06,6.7099583330547e-06,9.3528364078135e-09,0,5.97843544409519e-09,2.75295027657653e-09,1.15620938815381e-15,7.41023165846042e-13,1.0653271569021e-08,0,1.21923476334841e-13,3.7268858944265e-05
"LLOY.L",0,-3.15319776822984e-19,2.59008089344097e-11,0,0,-3.26050273302853e-20,2.23739038475422e-07,0,-1.00285727044407e-25,0.00139646221140163,0.000240481772807398,0,2.8380700823998e-11,2.03510957822275e-10,3.14576513014023e-14,-1.40286058628201e-20,-6.25378885568049e-18,-1.82038548801332e-16,2.22891508349335e-09,-1.72966714047867e-20,8.15183888547279e-09,1.2327035422253e-12,-4.55201277112397e-19,-5.58920974252324e-16,0,0,0,0,0,0,2.32708655130379e-08,3.02819221408586e-12,7.96647113562457e-14,3.09294417107408e-13,-5.42189684546033e-26,-8.71771581316853e-27,-3.35689582433766e-18,9.82856275518375e-09,-2.68420209921028e-21,-2.54514991348472e-16,-0.00112719659704803,0,0,-3.41326083197054e-22,-1.16662534447289e-19,0.997256867991435,-9.97192238034647e-18,-6.60799868541813e-23,-2.78132335927472e-23,8.0366617668165e-07,-4.93566544240666e-27,-1.22897703128338e-22,1.11131971479435e-05,0,-5.90710492377718e-23,3.5593160574238e-08,0.00108016995269323,-7.33275156426184e-20,-1.50015376109889e-19,-1.42690004585389e-22,-2.765007101658e-15,2.75656067904708e-09,2.28476243063998e-10,9.55915565581225e-07,9.96773198588233e-06,2.81401055455985e-06,4.42624215192035e-08,-5.34742616560553e-22,1.6793338449486e-12,1.20939032548575e-09,5.47194816602766e-15,1.3667817930848e-14,3.43968198560337e-09,0,-9.53171865978878e-07,8.56419597378389e-09
"STAN.L",0,0,1.21801643838319e-10,0,0,0,1.05223309305803e-06,0,0,1.37776614124487e-09,0.00113097330426627,0,1.33498238153177e-10,0.000337433189632629,9.13180166488632e-15,0,0,0,1.19197838060529e-10,0,3.83376801158133e-08,3.57164977138727e-13,0,0,0,0,0,0,0,0,6.74254064706001e-09,1.61879339687813e-13,1.08920832139365e-15,1.65340812176907e-14,0,0,0,1.58450351798629e-09,0,0,0,0,0,0,0,9.97192238034647e-18,0.997669394458989,0,0,1.09880508206351e-08,0,0,1.25057595456216e-06,0,0,5.73812159019839e-09,1.66414012372107e-09,0,0,0,0,4.44369307402816e-10,2.08587571428725e-11,3.20761696039766e-10,1.60693958141403e-06,0.000855530845998798,7.99449031310298e-07,0,1.53455051625716e-13,3.52242809885445e-07,9.88288937361872e-14,3.95669941294652e-15,1.53915234848469e-06,0,1.04216092641817e-11,3.78103599944248e-12
"SAN.MC",0,0,4.3829441420193e-11,0,0,0,3.78639777701934e-07,0,0,8.37666803224515e-15,0.000406973971174171,0,4.80383397077065e-11,3.44454103072245e-10,1.55911699458189e-16,0,0,0,3.96823938074715e-13,0,1.37955846213429e-08,6.09805168970865e-15,0,0,0,0,0,0,0,0,1.15120930817335e-10,5.39122691241694e-16,6.91082784186727e-18,5.50650773624402e-17,0,0,0,2.40400497637537e-12,0,0,0,0,0,0,0,6.60799868541813e-23,0,0.999589590979681,0,6.97172525032164e-11,0,0,1.73554253574754e-06,0,0,8.70586445615152e-12,2.58126202487165e-12,0,0,0,0,6.74239051661782e-13,4.33509039249394e-14,9.00580591261322e-11,2.43804492942605e-09,1.30103991938851e-06,5.29884552993863e-12,0,4.41815393049894e-16,5.43767480579322e-10,6.55049917505644e-19,6.76103115983735e-17,2.31739228300648e-09,0,6.90755540476127e-17,7.83939550686432e-13
