{
 "cells": [
  {
   "cell_type": "markdown",
   "metadata": {},
   "source": [
    "# Import packages"
   ]
  },
  {
   "cell_type": "code",
   "execution_count": 1,
   "metadata": {},
   "outputs": [],
   "source": [
    "import pandas as pd\n",
    "import numpy as np\n",
    "import networkx as nx\n",
    "import matplotlib.pyplot as plt\n",
    "import seaborn as sns\n",
    "import copy\n",
    "import sys"
   ]
  },
  {
   "cell_type": "markdown",
   "metadata": {},
   "source": [
    "# Define own functions"
   ]
  },
  {
   "cell_type": "code",
   "execution_count": 24,
   "metadata": {},
   "outputs": [],
   "source": [
    "def centrality_norm_diff(candidate_dict,true_dict):\n",
    "    \n",
    "    \"\"\"Computes the difference of the centrality scores\n",
    "    given 2 dictionaries\"\"\"\n",
    "    \n",
    "    score = 0\n",
    "    for key, val in candidate_dict.items():\n",
    "        score += np.linalg.norm(val-true_dict[key])\n",
    "        \n",
    "        \n",
    "    return score"
   ]
  },
  {
   "cell_type": "code",
   "execution_count": 39,
   "metadata": {},
   "outputs": [],
   "source": [
    "def network_preprocessing(date,method,ts_type,dy_threshold):\n",
    "    \n",
    "    \"\"\"Import the network adjacency matrix from a .csv file, converts it into a networkx\n",
    "    diGraph object\"\"\"\n",
    "    \n",
    "    # Convert date to string\n",
    "    final_date_transformed = date.replace(\"-\",\"_\")\n",
    "    \n",
    "    \n",
    "    # Import file\n",
    "    filename = \"./Data/Estimated_networks/\" +\\\n",
    "                  method+\"_\"+ts_type+\"_\"+final_date_transformed+\".csv\"\n",
    "\n",
    "    if (method == \"DY\") & (date != \"2020-03-16\"):\n",
    "        network_matrix = np.genfromtxt(filename,\n",
    "                              delimiter=',',skip_header = 1,usecols = np.arange(1,11),\n",
    "                                   skip_footer=1)\n",
    "        \n",
    "        # Make the diagonal zero\n",
    "        np.fill_diagonal(network_matrix, 0)\n",
    "        \n",
    "        # Delete link if the edge weight is too small in case of DY\n",
    "        network_matrix[network_matrix<dy_threshold] = 0\n",
    "        \n",
    "        # Normalize values\n",
    "        network_matrix = network_matrix / 100\n",
    "        \n",
    "        #print(network_matrix)\n",
    "        \n",
    "    else:\n",
    "        network_matrix = np.genfromtxt(filename,\n",
    "                              delimiter=',',skip_header = 1,usecols = np.arange(1,11))\n",
    "    \n",
    "    \n",
    "    # Convert it into networkX object\n",
    "    network = nx.from_numpy_matrix(network_matrix, create_using=nx.DiGraph)\n",
    "    \n",
    "    return network"
   ]
  },
  {
   "cell_type": "code",
   "execution_count": 40,
   "metadata": {},
   "outputs": [],
   "source": [
    "filename = \"./Data/Estimated_networks/DY_return_2020_03_16.csv\"\n",
    "\n",
    "network_matrix = np.genfromtxt(filename,\n",
    "                              delimiter=',',skip_header = 1,usecols = np.arange(1,11))"
   ]
  },
  {
   "cell_type": "code",
   "execution_count": 41,
   "metadata": {},
   "outputs": [
    {
     "data": {
      "text/plain": [
       "array([[0.12541492, 0.09612306, 0.10261234, 0.10094706, 0.09330903,\n",
       "        0.10158319, 0.10467892, 0.09839159, 0.08983902, 0.08710087],\n",
       "       [0.10336034, 0.11110192, 0.10643676, 0.10231514, 0.0926414 ,\n",
       "        0.09671216, 0.1090941 , 0.09966962, 0.08732143, 0.09134714],\n",
       "       [0.10595209, 0.10241148, 0.11179408, 0.10155645, 0.09286669,\n",
       "        0.09666317, 0.10886946, 0.0990651 , 0.08746111, 0.09336038],\n",
       "       [0.10561447, 0.09981801, 0.10294506, 0.11432934, 0.09305539,\n",
       "        0.09909244, 0.10715088, 0.09820751, 0.08848402, 0.09130288],\n",
       "       [0.1072104 , 0.09512062, 0.10169435, 0.09815892, 0.11585562,\n",
       "        0.09201631, 0.10966279, 0.09988747, 0.0892035 , 0.09119002],\n",
       "       [0.10984821, 0.10020612, 0.10411819, 0.10213176, 0.09192883,\n",
       "        0.11344561, 0.10466703, 0.09731887, 0.0871227 , 0.08921268],\n",
       "       [0.10184744, 0.09959061, 0.10394892, 0.10084719, 0.09581673,\n",
       "        0.09393018, 0.12026988, 0.10194548, 0.0869292 , 0.09487436],\n",
       "       [0.10366475, 0.09695844, 0.10202307, 0.09772558, 0.09354732,\n",
       "        0.09249111, 0.10970977, 0.13385792, 0.08139864, 0.08862341],\n",
       "       [0.10251167, 0.09100241, 0.09864861, 0.09762068, 0.09378362,\n",
       "        0.09357003, 0.10386291, 0.0953534 , 0.13908639, 0.08456027],\n",
       "       [0.10385822, 0.09992291, 0.10312652, 0.10050847, 0.09202112,\n",
       "        0.09290873, 0.11194274, 0.09708439, 0.08587739, 0.11274951]])"
      ]
     },
     "execution_count": 41,
     "metadata": {},
     "output_type": "execute_result"
    }
   ],
   "source": [
    "network_matrix"
   ]
  },
  {
   "cell_type": "code",
   "execution_count": 42,
   "metadata": {},
   "outputs": [],
   "source": [
    "def network_matrix_preprocessing(date,method,ts_type,dy_threshold):\n",
    "    \n",
    "    \"\"\"Import the network adjacency matrix from a .csv file, converts it into a numpy array\"\"\"\n",
    "    \n",
    "    # Convert date to string\n",
    "    final_date_transformed = date.replace(\"-\",\"_\")\n",
    "    \n",
    "    \n",
    "    # Import file\n",
    "    filename = \"./Data/Estimated_networks/\" +\\\n",
    "                  method+\"_\"+ts_type+\"_\"+final_date_transformed+\".csv\"\n",
    "\n",
    "    if (method == \"DY\") & (date != \"2020-03-16\"):\n",
    "        network_matrix = np.genfromtxt(filename,\n",
    "                              delimiter=',',skip_header = 1,usecols = np.arange(1,11),\n",
    "                                   skip_footer=1)\n",
    "        \n",
    "        # Make the diagonal zero\n",
    "        np.fill_diagonal(network_matrix, 0)\n",
    "        \n",
    "        # Delete link if the edge weight is too small in case of DY\n",
    "        network_matrix[network_matrix<dy_threshold] = 0\n",
    "        \n",
    "        # Normalize values\n",
    "        network_matrix = network_matrix / 100\n",
    "        \n",
    "        #print(network_matrix)\n",
    "        \n",
    "    else:\n",
    "        network_matrix = np.genfromtxt(filename,\n",
    "                              delimiter=',',skip_header = 1,usecols = np.arange(1,11))\n",
    "    \n",
    "    \n",
    "    # Convert it into networkX object\n",
    "    network = np.asarray(network_matrix)\n",
    "    \n",
    "    return network"
   ]
  },
  {
   "cell_type": "code",
   "execution_count": 43,
   "metadata": {},
   "outputs": [],
   "source": [
    "def network_robustness_check(dates,method,ts_type,dy_threshold):\n",
    "    \n",
    "    \"\"\"Creates the adjacency matrix with the specified parameters for 2 different dates and computes\n",
    "    the Frobenius-norm of the difference of the matrices to check persistence/robustness of results\"\"\"\n",
    "\n",
    "\n",
    "    \n",
    "    # Get the adjacency matrix of the estimated networks\n",
    "    network1 = network_matrix_preprocessing(dates[0],method,ts_type,dy_threshold)\n",
    "\n",
    "\n",
    "    network2 = network_matrix_preprocessing(dates[1],method,ts_type,dy_threshold)\n",
    "    \n",
    "    # Get difference\n",
    "    diff = np.linalg.norm(network1-network2)\n",
    "    \n",
    "    return diff"
   ]
  },
  {
   "cell_type": "code",
   "execution_count": 44,
   "metadata": {},
   "outputs": [],
   "source": [
    "def centrality_ranking_df(centrality_type,networks,varnames,asset_sizes=None,cross_holding_network=None):\n",
    "    \n",
    "    \"\"\"Creates a dataframe with the sorted centrality of stocks\n",
    "    from different methods\"\"\"\n",
    "    \n",
    "    # Add the cross-holding network to the dictionary (optional)\n",
    "    if cross_holding_network is not None:\n",
    "        networks['CH'] = cross_holding_network\n",
    "        \n",
    "    \n",
    "    \n",
    "    # Loop over different methods and their networks\n",
    "    for key,val in networks.items():\n",
    "        \n",
    "        print(key)\n",
    "        \n",
    "    \n",
    "        if centrality_type == \"katz-bonacich\":\n",
    "\n",
    "            centrality_dict = nx.katz_centrality(val)     \n",
    "            ticker_names = [varnames[k] for k, v in sorted(centrality_dict.items(),\n",
    "                                                     key=lambda item: item[1],reverse=True)]\n",
    "            \n",
    "        elif centrality_type == \"betweenness\":\n",
    "            \n",
    "            centrality_dict = nx.betweenness_centrality(val)\n",
    "            ticker_names = [varnames[k] for k, v in sorted(centrality_dict.items(),\n",
    "                                                     key=lambda item: item[1],reverse=True)]   \n",
    "            \n",
    "        elif centrality_type == \"degree\":\n",
    "            \n",
    "            centrality_dict = nx.degree_centrality(val)\n",
    "            ticker_names = [varnames[k] for k, v in sorted(centrality_dict.items(),\n",
    "                                                     key=lambda item: item[1],reverse=True)] \n",
    "            \n",
    "        elif centrality_type == \"eigenvector\":\n",
    "            \n",
    "            centrality_dict = nx.eigenvector_centrality(val)\n",
    "            ticker_names = [varnames[k] for k, v in sorted(centrality_dict.items(),\n",
    "                                                     key=lambda item: item[1],reverse=True)] \n",
    "            \n",
    "        elif centrality_type == \"closeness\":\n",
    "            \n",
    "            centrality_dict = nx.closeness_centrality(val)\n",
    "            ticker_names = [varnames[k] for k, v in sorted(centrality_dict.items(),\n",
    "                                                     key=lambda item: item[1],reverse=True)] \n",
    "            \n",
    "        else:\n",
    "            ticker_names = None\n",
    "            \n",
    "        networks[key] = ticker_names\n",
    "        \n",
    "        \n",
    "    # Add the asset sizes to the dictionary (optional)\n",
    "    if asset_sizes is not None:\n",
    "        networks['AS'] = asset_sizes\n",
    "\n",
    "    \n",
    "    # Create dataframe\n",
    "    df = pd.DataFrame(networks)\n",
    "    \n",
    "    return df"
   ]
  },
  {
   "cell_type": "code",
   "execution_count": 45,
   "metadata": {},
   "outputs": [],
   "source": [
    "def rank_viz(varnames,ranking_df,centrality_type,date,ts_type):\n",
    "    \n",
    "    fig = plt.figure(figsize=(8,3.))\n",
    "    ax = fig.add_subplot(111)\n",
    "    col = 'white'\n",
    "    \n",
    "    cols = ranking_df.columns\n",
    "    #print(cols)\n",
    "    #print(varnames)\n",
    "    \n",
    "    n = len(varnames)\n",
    "    d = len(cols)\n",
    "    palette = iter(sns.color_palette(\"Paired\", n))\n",
    "\n",
    "    y_max = np.ones(d)*n\n",
    "    x = np.arange(0,d,1)\n",
    "    \n",
    "    names = np.asarray(copy.deepcopy(varnames))\n",
    "    \n",
    "    for stock in varnames:\n",
    "        stock_list = []\n",
    "        counter = 0\n",
    "        #print(stock)\n",
    "        for i in cols:\n",
    "            #print(i)\n",
    "            #print(stock)\n",
    "            \n",
    "            \n",
    "            temp = ranking_df[ranking_df[i]==stock].index.values[0]\n",
    "            \n",
    "            if counter == 0:\n",
    "                #print(stock)\n",
    "                #print(temp)\n",
    "                names[n-temp-1] = stock\n",
    "\n",
    "            stock_list.append(temp)\n",
    "            \n",
    "            \n",
    "            \n",
    "            ax.annotate(str(temp+1), xy=(counter,n - temp), color=col,\n",
    "                fontsize=8, weight='heavy',\n",
    "                horizontalalignment='center',\n",
    "                verticalalignment='center')\n",
    "            \n",
    "            counter += 1\n",
    "\n",
    "        yn = y_max-np.asarray(stock_list)\n",
    "        #print(yn)\n",
    "\n",
    "        \n",
    "\n",
    "        ax.plot(x,yn, color=next(palette), linewidth=5)\n",
    "        \n",
    "    palette = iter(sns.color_palette(\"Paired\", n))   \n",
    "    for stock in varnames:\n",
    "        stock_list = []\n",
    "        counter = 0\n",
    "        for i in cols:\n",
    "            temp = ranking_df[ranking_df[i]==stock].index.values[0]\n",
    "            \n",
    "            stock_list.append(temp)\n",
    "            \n",
    "            counter += 1\n",
    "            \n",
    "        ax.plot(x,y_max - np.asarray(stock_list), '.', markersize=26, mec='w', mfc=next(palette))\n",
    "    \n",
    "    plt.xticks(range(d))\n",
    "    plt.yticks(np.arange(1,n+1,1))\n",
    "    plt.gca().get_yaxis().set_ticklabels(names)\n",
    "    plt.gca().get_xaxis().set_ticklabels(cols)\n",
    "    ax.set_facecolor('gainsboro')\n",
    "    plt.tight_layout()\n",
    "    \n",
    "    # Convert date to string\n",
    "    final_date_transformed = date.replace(\"-\",\"_\")\n",
    "    plt.savefig('./Figures/ranking_comparison_{}_{}_{}.pdf'.format(ts_type,final_date_transformed,\n",
    "                                                                 centrality_type),dpi=120)\n",
    "    plt.show()"
   ]
  },
  {
   "cell_type": "code",
   "execution_count": 46,
   "metadata": {},
   "outputs": [],
   "source": [
    "def workflow_wrapper_function(date,methods,ts_type,dy_threshold,\n",
    "             centrality_type,varnames,asset_sizes=None,cross_holding_network=None):\n",
    "    \n",
    "    \"\"\"Wrapper function to run the whole workflow\"\"\"\n",
    "\n",
    "    # Create dictionary to store the outputs\n",
    "    networks = {}\n",
    "\n",
    "    for method in methods:\n",
    "\n",
    "        networks[method] = network_preprocessing(date,method,ts_type,dy_threshold)\n",
    "        \n",
    "    # Create centrality rankings\n",
    "    ranking_df = centrality_ranking_df(centrality_type,networks,varnames,varnames_sorted_by_asset,CH_network)\n",
    "    \n",
    "    \n",
    "    # Run the visualisation function\n",
    "    rank_viz(varnames,ranking_df,centrality_type,date,ts_type)"
   ]
  },
  {
   "cell_type": "markdown",
   "metadata": {},
   "source": [
    "# Import data"
   ]
  },
  {
   "cell_type": "markdown",
   "metadata": {},
   "source": [
    "## Cross-holdings"
   ]
  },
  {
   "cell_type": "code",
   "execution_count": 47,
   "metadata": {},
   "outputs": [],
   "source": [
    "# SPECIFY BY DATE HERE TOO!\n",
    "CH = pd.read_excel('./Data/nasdaq_normalized_cross_holdings.xlsx')\n",
    "CH = np.array(CH)"
   ]
  },
  {
   "cell_type": "code",
   "execution_count": 48,
   "metadata": {},
   "outputs": [
    {
     "data": {
      "text/plain": [
       "(10, 11)"
      ]
     },
     "execution_count": 48,
     "metadata": {},
     "output_type": "execute_result"
    }
   ],
   "source": [
    "CH.shape"
   ]
  },
  {
   "cell_type": "code",
   "execution_count": 49,
   "metadata": {},
   "outputs": [],
   "source": [
    "stock_names = CH[:,0]\n",
    "\n",
    "CH = CH[:,1:]"
   ]
  },
  {
   "cell_type": "code",
   "execution_count": 50,
   "metadata": {},
   "outputs": [],
   "source": [
    "CH = np.asarray(CH,dtype=np.float64)"
   ]
  },
  {
   "cell_type": "code",
   "execution_count": 51,
   "metadata": {},
   "outputs": [],
   "source": [
    "# Convert it into networkX object\n",
    "CH_network = nx.from_numpy_matrix(CH, create_using=nx.DiGraph)"
   ]
  },
  {
   "cell_type": "markdown",
   "metadata": {},
   "source": [
    "## Estimated networks"
   ]
  },
  {
   "cell_type": "code",
   "execution_count": 52,
   "metadata": {},
   "outputs": [
    {
     "data": {
      "text/plain": [
       "<networkx.classes.digraph.DiGraph at 0x1a19012290>"
      ]
     },
     "execution_count": 52,
     "metadata": {},
     "output_type": "execute_result"
    }
   ],
   "source": [
    "# Parameters\n",
    "date = \"2020-03-16\"\n",
    "ts_type = \"return\"\n",
    "dy_threshold = 10.5\n",
    "method = \"DY\"\n",
    "\n",
    "network_preprocessing(date,method,ts_type,dy_threshold)"
   ]
  },
  {
   "cell_type": "code",
   "execution_count": 54,
   "metadata": {},
   "outputs": [],
   "source": [
    "# Parameters\n",
    "date = \"2020-03-16\"\n",
    "ts_type = \"return\"\n",
    "dy_threshold = 10.5\n",
    "\n",
    "# Iterables\n",
    "methods = ['NS','SPACE','GLASSO','DY','DAG']\n",
    "\n",
    "# Create dictionary to store the outputs\n",
    "networks = {}\n",
    "\n",
    "for method in methods:\n",
    "    \n",
    "    networks[method] = network_preprocessing(date,method,ts_type,dy_threshold)"
   ]
  },
  {
   "cell_type": "markdown",
   "metadata": {},
   "source": [
    "### Check singularity/invertibility of DY-network"
   ]
  },
  {
   "cell_type": "code",
   "execution_count": 57,
   "metadata": {},
   "outputs": [
    {
     "name": "stdout",
     "output_type": "stream",
     "text": [
      "[[0.14950412 0.08787907 0.12046753 0.07813825 0.1211929  0.09231183\n",
      "  0.04780652 0.09674414 0.09711807 0.10883758]\n",
      " [0.10500141 0.16172119 0.10957236 0.06787006 0.10608364 0.10091569\n",
      "  0.03536105 0.09111567 0.10170773 0.12065119]\n",
      " [0.11791701 0.07605284 0.15780174 0.08820021 0.12224483 0.09307901\n",
      "  0.052641   0.09364694 0.09690679 0.10150963]\n",
      " [0.10056373 0.0699801  0.11102155 0.15008643 0.12468131 0.09860735\n",
      "  0.04930005 0.08954541 0.09465151 0.11156256]\n",
      " [0.10268582 0.07914586 0.11383674 0.08662961 0.15545646 0.0815004\n",
      "  0.05404324 0.09986191 0.11122379 0.11561617]\n",
      " [0.1099425  0.09020591 0.11406309 0.09162645 0.10959625 0.14738906\n",
      "  0.03869629 0.08965756 0.09094902 0.11787387]\n",
      " [0.09095185 0.07460894 0.1021755  0.0822959  0.11211441 0.0739999\n",
      "  0.13134658 0.0985838  0.11600605 0.11791707]\n",
      " [0.09437687 0.07416143 0.10375624 0.0783325  0.10944424 0.07582058\n",
      "  0.0558671  0.16332631 0.1291559  0.11575883]\n",
      " [0.09168335 0.07980029 0.10466202 0.07312633 0.11427381 0.07435876\n",
      "  0.05818569 0.11309075 0.16587002 0.12494899]\n",
      " [0.09537363 0.08064331 0.1050615  0.078435   0.11306262 0.08273589\n",
      "  0.04762015 0.09391029 0.11206397 0.19109365]]\n"
     ]
    }
   ],
   "source": [
    "# Parameters\n",
    "date = \"2020-03-16\"\n",
    "ts_type = \"volatility_factor_resid\"\n",
    "dy_threshold = 5\n",
    "method = \"DY\"\n",
    "\n",
    "# Preprocessing\n",
    "DY_network = network_matrix_preprocessing(date,method,ts_type,dy_threshold)\n",
    "\n",
    "print(DY_network)"
   ]
  },
  {
   "cell_type": "code",
   "execution_count": 58,
   "metadata": {
    "scrolled": true
   },
   "outputs": [
    {
     "name": "stdout",
     "output_type": "stream",
     "text": [
      "[[21.65167426 -3.15432382 -6.5950651   0.85354589 -6.62811363 -3.02629502\n",
      "  -0.44396098 -2.25397548  1.20021308 -0.60369922]\n",
      " [-2.09755295 12.22473198 -1.65639607  1.65735103 -0.6846893  -4.71807899\n",
      "   1.14205911 -0.41618314 -2.05637113 -2.39487056]\n",
      " [-9.05029904  0.79304034 21.14080964 -2.66846097 -4.99082208 -3.30689418\n",
      "  -1.50366086 -0.59396304 -0.42902187  1.60927208]\n",
      " [-0.47229721  1.36590659 -1.73030933 15.06907342 -6.57074817 -5.19543758\n",
      "  -0.65020749 -0.15775442  0.39443961 -1.05266544]\n",
      " [-2.94699642 -1.46578811 -4.73729118 -3.71236387 23.2485055   0.70632486\n",
      "  -1.3685163  -2.21998458 -4.27367095 -2.23021893]\n",
      " [-4.14426675 -3.43499546 -3.06740326 -4.50974249  0.8137476  17.53201868\n",
      "   0.99645868 -0.92746196  0.895793   -3.15414801]\n",
      " [-0.31596256 -0.58765231 -0.84355999 -1.88920647 -1.68645768  0.56378698\n",
      "  12.11848815 -1.16782662 -3.454595   -1.7370145 ]\n",
      " [-1.46268139 -0.04124012 -1.07893605 -1.44570803 -0.24975717 -0.06690419\n",
      "  -0.95415197 15.33593245 -8.10059378 -0.93595974]\n",
      " [ 0.48322107 -1.62030366 -1.64672201  0.69051746 -3.88851906  0.57631075\n",
      "  -2.08501322 -5.94569076 18.29136799 -3.85516858]\n",
      " [-0.69930363 -1.1099193  -1.08516975 -0.91815752 -2.24629886 -1.00208842\n",
      "  -0.11680604 -0.3519324  -3.40141063 11.93108655]]\n"
     ]
    }
   ],
   "source": [
    "# Check whether matrix is singular/or invertible\n",
    "if np.linalg.cond(DY_network) < 1/sys.float_info.epsilon:\n",
    "    iinverse = np.linalg.inv(DY_network)\n",
    "    print(iinverse)\n",
    "else:\n",
    "    print(\"Singular matrix!\")"
   ]
  },
  {
   "cell_type": "code",
   "execution_count": 59,
   "metadata": {},
   "outputs": [],
   "source": [
    "# Convert it into a networkx object and try to compute eigenvector centrality\n",
    "network = nx.from_numpy_matrix(DY_network, create_using=nx.DiGraph)\n",
    "centrality_dict = nx.eigenvector_centrality(network)"
   ]
  },
  {
   "cell_type": "markdown",
   "metadata": {},
   "source": [
    "## Asset sizes"
   ]
  },
  {
   "cell_type": "code",
   "execution_count": 60,
   "metadata": {},
   "outputs": [
    {
     "name": "stdout",
     "output_type": "stream",
     "text": [
      "  stock    year2019\n",
      "0   JPM  2687379000\n",
      "1    MS   895429000\n",
      "2   BAC  2434079000\n",
      "3     C  1951158000\n",
      "4   WFC  1927555000\n"
     ]
    }
   ],
   "source": [
    "# Get asset sizes\n",
    "asset_sizes = pd.read_excel('./Data/asset_sizes.xlsx',index_col=0)\n",
    "\n",
    "# Inspect dataframe\n",
    "print(asset_sizes.head())"
   ]
  },
  {
   "cell_type": "code",
   "execution_count": 61,
   "metadata": {},
   "outputs": [
    {
     "name": "stdout",
     "output_type": "stream",
     "text": [
      "  stock    year2019\n",
      "0   JPM  2687379000\n",
      "1   BAC  2434079000\n",
      "2     C  1951158000\n",
      "3   WFC  1927555000\n",
      "4    TD  1415290000\n"
     ]
    }
   ],
   "source": [
    "# Sort dataframe by asset size\n",
    "asset_sizes.sort_values('year2019',inplace=True,ascending=False)\n",
    "\n",
    "# Reset index\n",
    "asset_sizes.reset_index(drop=True, inplace=True)\n",
    "\n",
    "# Inspect dataframe\n",
    "print(asset_sizes.head())"
   ]
  },
  {
   "cell_type": "code",
   "execution_count": 62,
   "metadata": {},
   "outputs": [
    {
     "name": "stdout",
     "output_type": "stream",
     "text": [
      "   index stock    year2019\n",
      "0      0   JPM  2687379000\n",
      "1      1   BAC  2434079000\n",
      "2      2     C  1951158000\n",
      "3      3   WFC  1927555000\n",
      "4      4    TD  1415290000\n"
     ]
    }
   ],
   "source": [
    "# Add current index as a new column (rank)\n",
    "asset_sizes.reset_index(inplace=True)\n",
    "\n",
    "# Inspect dataframe\n",
    "print(asset_sizes.head())"
   ]
  },
  {
   "cell_type": "code",
   "execution_count": 63,
   "metadata": {},
   "outputs": [
    {
     "name": "stdout",
     "output_type": "stream",
     "text": [
      "['JPM', 'BAC', 'C', 'WFC', 'TD', 'GS', 'MS', 'USB', 'TFC', 'BK']\n"
     ]
    }
   ],
   "source": [
    "# Get varnames sorted by asset size\n",
    "varnames_sorted_by_asset = list(asset_sizes['stock'])\n",
    "\n",
    "# Inspect list\n",
    "print(varnames_sorted_by_asset)"
   ]
  },
  {
   "cell_type": "markdown",
   "metadata": {},
   "source": [
    "# Centrality measure comparisons"
   ]
  },
  {
   "cell_type": "code",
   "execution_count": 64,
   "metadata": {},
   "outputs": [
    {
     "name": "stdout",
     "output_type": "stream",
     "text": [
      "NS\n",
      "SPACE\n",
      "GLASSO\n",
      "DY\n",
      "DAG\n",
      "CH\n"
     ]
    },
    {
     "data": {
      "text/html": [
       "<div>\n",
       "<style scoped>\n",
       "    .dataframe tbody tr th:only-of-type {\n",
       "        vertical-align: middle;\n",
       "    }\n",
       "\n",
       "    .dataframe tbody tr th {\n",
       "        vertical-align: top;\n",
       "    }\n",
       "\n",
       "    .dataframe thead th {\n",
       "        text-align: right;\n",
       "    }\n",
       "</style>\n",
       "<table border=\"1\" class=\"dataframe\">\n",
       "  <thead>\n",
       "    <tr style=\"text-align: right;\">\n",
       "      <th></th>\n",
       "      <th>NS</th>\n",
       "      <th>SPACE</th>\n",
       "      <th>GLASSO</th>\n",
       "      <th>DY</th>\n",
       "      <th>DAG</th>\n",
       "      <th>CH</th>\n",
       "      <th>AS</th>\n",
       "    </tr>\n",
       "  </thead>\n",
       "  <tbody>\n",
       "    <tr>\n",
       "      <td>0</td>\n",
       "      <td>USB</td>\n",
       "      <td>USB</td>\n",
       "      <td>MS</td>\n",
       "      <td>MS</td>\n",
       "      <td>WFC</td>\n",
       "      <td>BAC</td>\n",
       "      <td>JPM</td>\n",
       "    </tr>\n",
       "    <tr>\n",
       "      <td>1</td>\n",
       "      <td>JPM</td>\n",
       "      <td>BAC</td>\n",
       "      <td>JPM</td>\n",
       "      <td>JPM</td>\n",
       "      <td>TD</td>\n",
       "      <td>WFC</td>\n",
       "      <td>BAC</td>\n",
       "    </tr>\n",
       "    <tr>\n",
       "      <td>2</td>\n",
       "      <td>C</td>\n",
       "      <td>JPM</td>\n",
       "      <td>BAC</td>\n",
       "      <td>BAC</td>\n",
       "      <td>C</td>\n",
       "      <td>BK</td>\n",
       "      <td>C</td>\n",
       "    </tr>\n",
       "    <tr>\n",
       "      <td>3</td>\n",
       "      <td>GS</td>\n",
       "      <td>GS</td>\n",
       "      <td>C</td>\n",
       "      <td>C</td>\n",
       "      <td>JPM</td>\n",
       "      <td>MS</td>\n",
       "      <td>WFC</td>\n",
       "    </tr>\n",
       "    <tr>\n",
       "      <td>4</td>\n",
       "      <td>BAC</td>\n",
       "      <td>C</td>\n",
       "      <td>WFC</td>\n",
       "      <td>WFC</td>\n",
       "      <td>BAC</td>\n",
       "      <td>JPM</td>\n",
       "      <td>TD</td>\n",
       "    </tr>\n",
       "    <tr>\n",
       "      <td>5</td>\n",
       "      <td>TFC</td>\n",
       "      <td>TFC</td>\n",
       "      <td>GS</td>\n",
       "      <td>GS</td>\n",
       "      <td>GS</td>\n",
       "      <td>GS</td>\n",
       "      <td>GS</td>\n",
       "    </tr>\n",
       "    <tr>\n",
       "      <td>6</td>\n",
       "      <td>WFC</td>\n",
       "      <td>WFC</td>\n",
       "      <td>USB</td>\n",
       "      <td>USB</td>\n",
       "      <td>USB</td>\n",
       "      <td>C</td>\n",
       "      <td>MS</td>\n",
       "    </tr>\n",
       "    <tr>\n",
       "      <td>7</td>\n",
       "      <td>MS</td>\n",
       "      <td>TD</td>\n",
       "      <td>TD</td>\n",
       "      <td>TD</td>\n",
       "      <td>TFC</td>\n",
       "      <td>TFC</td>\n",
       "      <td>USB</td>\n",
       "    </tr>\n",
       "    <tr>\n",
       "      <td>8</td>\n",
       "      <td>TD</td>\n",
       "      <td>BK</td>\n",
       "      <td>BK</td>\n",
       "      <td>BK</td>\n",
       "      <td>BK</td>\n",
       "      <td>TD</td>\n",
       "      <td>TFC</td>\n",
       "    </tr>\n",
       "    <tr>\n",
       "      <td>9</td>\n",
       "      <td>BK</td>\n",
       "      <td>MS</td>\n",
       "      <td>TFC</td>\n",
       "      <td>TFC</td>\n",
       "      <td>MS</td>\n",
       "      <td>USB</td>\n",
       "      <td>BK</td>\n",
       "    </tr>\n",
       "  </tbody>\n",
       "</table>\n",
       "</div>"
      ],
      "text/plain": [
       "    NS SPACE GLASSO   DY  DAG   CH   AS\n",
       "0  USB   USB     MS   MS  WFC  BAC  JPM\n",
       "1  JPM   BAC    JPM  JPM   TD  WFC  BAC\n",
       "2    C   JPM    BAC  BAC    C   BK    C\n",
       "3   GS    GS      C    C  JPM   MS  WFC\n",
       "4  BAC     C    WFC  WFC  BAC  JPM   TD\n",
       "5  TFC   TFC     GS   GS   GS   GS   GS\n",
       "6  WFC   WFC    USB  USB  USB    C   MS\n",
       "7   MS    TD     TD   TD  TFC  TFC  USB\n",
       "8   TD    BK     BK   BK   BK   TD  TFC\n",
       "9   BK    MS    TFC  TFC   MS  USB   BK"
      ]
     },
     "metadata": {},
     "output_type": "display_data"
    }
   ],
   "source": [
    "# Parameters\n",
    "varnames = [\"MS\",\"JPM\",\"BAC\",\"C\",\"WFC\",\"GS\",\"USB\",\"TD\",\"BK\",\"TFC\"]\n",
    "centrality_type = \"closeness\" #\"betweenness\" #\"katz-bonacich\"\n",
    "cross_holdings = True\n",
    "asset_sizes = True\n",
    "\n",
    "# Create centrality rankings\n",
    "if cross_holdings:\n",
    "    CH_network = CH_network\n",
    "else:\n",
    "    CH_network = None\n",
    "    \n",
    "if asset_sizes:\n",
    "    varnames_sorted_by_asset = varnames_sorted_by_asset\n",
    "else:\n",
    "    varnames_sorted_by_asset = None\n",
    "    \n",
    "# Create centrality rankings\n",
    "ranking_df = centrality_ranking_df(centrality_type,networks,varnames,varnames_sorted_by_asset,CH_network)\n",
    "\n",
    "# Inspect the dataframe\n",
    "display(ranking_df)"
   ]
  },
  {
   "cell_type": "markdown",
   "metadata": {},
   "source": [
    "# Ranking visualisation"
   ]
  },
  {
   "cell_type": "code",
   "execution_count": 65,
   "metadata": {},
   "outputs": [
    {
     "data": {
