{
 "cells": [
  {
   "cell_type": "markdown",
   "metadata": {},
   "source": [
    "# Import packages"
   ]
  },
  {
   "cell_type": "code",
   "execution_count": 28,
   "metadata": {},
   "outputs": [],
   "source": [
    "import pandas as pd\n",
    "import numpy as np\n",
    "import networkx as nx\n",
    "import matplotlib.pyplot as plt\n",
    "import seaborn as sns\n",
    "import copy\n",
    "import sys"
   ]
  },
  {
   "cell_type": "markdown",
   "metadata": {},
   "source": [
    "# Define own functions"
   ]
  },
  {
   "cell_type": "code",
   "execution_count": 2,
   "metadata": {},
   "outputs": [],
   "source": [
    "def centrality_norm_diff(candidate_dict,true_dict):\n",
    "    \n",
    "    \"\"\"Computes the difference of the centrality scores\n",
    "    given 2 dictionaries\"\"\"\n",
    "    \n",
    "    score = 0\n",
    "    for key, val in candidate_dict.items():\n",
    "        score += np.linalg.norm(val-true_dict[key])\n",
    "        \n",
    "        \n",
    "    return score"
   ]
  },
  {
   "cell_type": "code",
   "execution_count": 3,
   "metadata": {},
   "outputs": [],
   "source": [
    "def network_preprocessing(date,method,ts_type,dy_threshold):\n",
    "    \n",
    "    \"\"\"Import the network adjacency matrix from a .csv file, converts it into a networkx\n",
    "    diGraph object\"\"\"\n",
    "    \n",
    "    # Convert date to string\n",
    "    final_date_transformed = date.replace(\"-\",\"_\")\n",
    "    \n",
    "    \n",
    "    # Import file\n",
    "    filename = \"./Data/Estimated_networks/\" +\\\n",
    "                  method+\"_\"+ts_type+\"_\"+final_date_transformed+\".csv\"\n",
    "\n",
    "    if method == \"DY\":\n",
    "        network_matrix = np.genfromtxt(filename,\n",
    "                              delimiter=',',skip_header = 1,usecols = np.arange(1,11),\n",
    "                                   skip_footer=1)\n",
    "        \n",
    "        # Make the diagonal zero\n",
    "        np.fill_diagonal(network_matrix, 0)\n",
    "        \n",
    "        # Delete link if the edge weight is too small in case of DY\n",
    "        network_matrix[network_matrix<dy_threshold] = 0\n",
    "        \n",
    "        # Normalize values\n",
    "        network_matrix = network_matrix / 100\n",
    "        \n",
    "        #print(network_matrix)\n",
    "        \n",
    "    else:\n",
    "        network_matrix = np.genfromtxt(filename,\n",
    "                              delimiter=',',skip_header = 1,usecols = np.arange(1,11))\n",
    "    \n",
    "    \n",
    "    # Convert it into networkX object\n",
    "    network = nx.from_numpy_matrix(network_matrix, create_using=nx.DiGraph)\n",
    "    \n",
    "    return network"
   ]
  },
  {
   "cell_type": "code",
   "execution_count": 14,
   "metadata": {},
   "outputs": [],
   "source": [
    "def network_matrix_preprocessing(date,method,ts_type,dy_threshold):\n",
    "    \n",
    "    \"\"\"Import the network adjacency matrix from a .csv file, converts it into a numpy array\"\"\"\n",
    "    \n",
    "    # Convert date to string\n",
    "    final_date_transformed = date.replace(\"-\",\"_\")\n",
    "    \n",
    "    \n",
    "    # Import file\n",
    "    filename = \"./Data/Estimated_networks/\" +\\\n",
    "                  method+\"_\"+ts_type+\"_\"+final_date_transformed+\".csv\"\n",
    "\n",
    "    if method == \"DY\":\n",
    "        network_matrix = np.genfromtxt(filename,\n",
    "                              delimiter=',',skip_header = 1,usecols = np.arange(1,11),\n",
    "                                   skip_footer=1)\n",
    "        \n",
    "        # Make the diagonal zero\n",
    "        np.fill_diagonal(network_matrix, 0)\n",
    "        \n",
    "        # Delete link if the edge weight is too small in case of DY\n",
    "        network_matrix[network_matrix<dy_threshold] = 0\n",
    "        \n",
    "        # Normalize values\n",
    "        network_matrix = network_matrix / 100\n",
    "        \n",
    "        #print(network_matrix)\n",
    "        \n",
    "    else:\n",
    "        network_matrix = np.genfromtxt(filename,\n",
    "                              delimiter=',',skip_header = 1,usecols = np.arange(1,11))\n",
    "    \n",
    "    \n",
    "    # Convert it into networkX object\n",
    "    network = np.asarray(network_matrix)\n",
    "    \n",
    "    return network"
   ]
  },
  {
   "cell_type": "code",
   "execution_count": 20,
   "metadata": {},
   "outputs": [],
   "source": [
    "def network_robustness_check(dates,method,ts_type,dy_threshold):\n",
    "    \n",
    "    \"\"\"Creates the adjacency matrix with the specified parameters for 2 different dates and computes\n",
    "    the Frobenius-norm of the difference of the matrices to check persistence/robustness of results\"\"\"\n",
    "\n",
    "\n",
    "    \n",
    "    # Get the adjacency matrix of the estimated networks\n",
    "    network1 = network_matrix_preprocessing(dates[0],method,ts_type,dy_threshold)\n",
    "\n",
    "\n",
    "    network2 = network_matrix_preprocessing(dates[1],method,ts_type,dy_threshold)\n",
    "    \n",
    "    # Get difference\n",
    "    diff = np.linalg.norm(network1-network2)\n",
    "    \n",
    "    return diff"
   ]
  },
  {
   "cell_type": "code",
   "execution_count": 73,
   "metadata": {},
   "outputs": [],
   "source": [
    "def centrality_ranking_df(centrality_type,networks,varnames,asset_sizes=None,cross_holding_network=None):\n",
    "    \n",
    "    \"\"\"Creates a dataframe with the sorted centrality of stocks\n",
    "    from different methods\"\"\"\n",
    "    \n",
    "    # Add the cross-holding network to the dictionary (optional)\n",
    "    if cross_holding_network is not None:\n",
    "        networks['CH'] = cross_holding_network\n",
    "        \n",
    "    \n",
    "    \n",
    "    # Loop over different methods and their networks\n",
    "    for key,val in networks.items():\n",
    "        \n",
    "        print(key)\n",
    "        \n",
    "    \n",
    "        if centrality_type == \"katz-bonacich\":\n",
    "\n",
    "            centrality_dict = nx.katz_centrality(val)     \n",
    "            ticker_names = [varnames[k] for k, v in sorted(centrality_dict.items(),\n",
    "                                                     key=lambda item: item[1],reverse=True)]\n",
    "            \n",
    "        elif centrality_type == \"betweenness\":\n",
    "            \n",
    "            centrality_dict = nx.betweenness_centrality(val)\n",
    "            ticker_names = [varnames[k] for k, v in sorted(centrality_dict.items(),\n",
    "                                                     key=lambda item: item[1],reverse=True)]   \n",
    "            \n",
    "        elif centrality_type == \"degree\":\n",
    "            \n",
    "            centrality_dict = nx.degree_centrality(val)\n",
    "            ticker_names = [varnames[k] for k, v in sorted(centrality_dict.items(),\n",
    "                                                     key=lambda item: item[1],reverse=True)] \n",
    "            \n",
    "        elif centrality_type == \"eigenvector\":\n",
    "            \n",
    "            centrality_dict = nx.eigenvector_centrality(val)\n",
    "            ticker_names = [varnames[k] for k, v in sorted(centrality_dict.items(),\n",
    "                                                     key=lambda item: item[1],reverse=True)] \n",
    "            \n",
    "        elif centrality_type == \"closeness\":\n",
    "            \n",
    "            centrality_dict = nx.closeness_centrality(val)\n",
    "            ticker_names = [varnames[k] for k, v in sorted(centrality_dict.items(),\n",
    "                                                     key=lambda item: item[1],reverse=True)] \n",
    "            \n",
    "        else:\n",
    "            ticker_names = None\n",
    "            \n",
    "        networks[key] = ticker_names\n",
    "        \n",
    "        \n",
    "    # Add the asset sizes to the dictionary (optional)\n",
    "    if asset_sizes is not None:\n",
    "        networks['AS'] = asset_sizes\n",
    "\n",
    "    \n",
    "    # Create dataframe\n",
    "    df = pd.DataFrame(networks)\n",
    "    \n",
    "    return df"
   ]
  },
  {
   "cell_type": "code",
   "execution_count": 33,
   "metadata": {},
   "outputs": [],
   "source": [
    "def rank_viz(varnames,ranking_df,centrality_type,date,ts_type):\n",
    "    \n",
    "    fig = plt.figure(figsize=(8,3.))\n",
    "    ax = fig.add_subplot(111)\n",
    "    col = 'white'\n",
    "    \n",
    "    cols = ranking_df.columns\n",
    "    #print(cols)\n",
    "    #print(varnames)\n",
    "    \n",
    "    n = len(varnames)\n",
    "    d = len(cols)\n",
    "    palette = iter(sns.color_palette(\"Paired\", n))\n",
    "\n",
    "    y_max = np.ones(d)*n\n",
    "    x = np.arange(0,d,1)\n",
    "    \n",
    "    names = np.asarray(copy.deepcopy(varnames))\n",
    "    \n",
    "    for stock in varnames:\n",
    "        stock_list = []\n",
    "        counter = 0\n",
    "        #print(stock)\n",
    "        for i in cols:\n",
    "            #print(i)\n",
    "            #print(stock)\n",
    "            \n",
    "            \n",
    "            temp = ranking_df[ranking_df[i]==stock].index.values[0]\n",
    "            \n",
    "            if counter == 0:\n",
    "                #print(stock)\n",
    "                #print(temp)\n",
    "                names[n-temp-1] = stock\n",
    "\n",
    "            stock_list.append(temp)\n",
    "            \n",
    "            \n",
    "            \n",
    "            ax.annotate(str(temp+1), xy=(counter,n - temp), color=col,\n",
    "                fontsize=8, weight='heavy',\n",
    "                horizontalalignment='center',\n",
    "                verticalalignment='center')\n",
    "            \n",
    "            counter += 1\n",
    "\n",
    "        yn = y_max-np.asarray(stock_list)\n",
    "        #print(yn)\n",
    "\n",
    "        \n",
    "\n",
    "        ax.plot(x,yn, color=next(palette), linewidth=5)\n",
    "        \n",
    "    palette = iter(sns.color_palette(\"Paired\", n))   \n",
    "    for stock in varnames:\n",
    "        stock_list = []\n",
    "        counter = 0\n",
    "        for i in cols:\n",
    "            temp = ranking_df[ranking_df[i]==stock].index.values[0]\n",
    "            \n",
    "            stock_list.append(temp)\n",
    "            \n",
    "            counter += 1\n",
    "            \n",
    "        ax.plot(x,y_max - np.asarray(stock_list), '.', markersize=26, mec='w', mfc=next(palette))\n",
    "    \n",
    "    plt.xticks(range(d))\n",
    "    plt.yticks(np.arange(1,n+1,1))\n",
    "    plt.gca().get_yaxis().set_ticklabels(names)\n",
    "    plt.gca().get_xaxis().set_ticklabels(cols)\n",
    "    ax.set_facecolor('gainsboro')\n",
    "    plt.tight_layout()\n",
    "    \n",
    "    # Convert date to string\n",
    "    final_date_transformed = date.replace(\"-\",\"_\")\n",
    "    plt.savefig('./Figures/ranking_comparison_{}_{}_{}.pdf'.format(ts_type,final_date_transformed,\n",
    "                                                                 centrality_type),dpi=120)\n",
    "    plt.show()"
   ]
  },
  {
   "cell_type": "code",
   "execution_count": 34,
   "metadata": {},
   "outputs": [],
   "source": [
    "def workflow_wrapper_function(date,methods,ts_type,dy_threshold,\n",
    "             centrality_type,varnames,asset_sizes=None,cross_holding_network=None):\n",
    "    \n",
    "    \"\"\"Wrapper function to run the whole workflow\"\"\"\n",
    "\n",
    "    # Create dictionary to store the outputs\n",
    "    networks = {}\n",
    "\n",
    "    for method in methods:\n",
    "\n",
    "        networks[method] = network_preprocessing(date,method,ts_type,dy_threshold)\n",
    "        \n",
    "    # Create centrality rankings\n",
    "    ranking_df = centrality_ranking_df(centrality_type,networks,varnames,varnames_sorted_by_asset,CH_network)\n",
    "    \n",
    "    \n",
    "    # Run the visualisation function\n",
    "    rank_viz(varnames,ranking_df,centrality_type,date,ts_type)"
   ]
  },
  {
   "cell_type": "markdown",
   "metadata": {},
   "source": [
    "# Import data"
   ]
  },
  {
   "cell_type": "markdown",
   "metadata": {},
   "source": [
    "## Cross-holdings"
   ]
  },
  {
   "cell_type": "code",
   "execution_count": 35,
   "metadata": {},
   "outputs": [],
   "source": [
    "# SPECIFY BY DATE HERE TOO!\n",
    "CH = pd.read_excel('./Data/nasdaq_normalized_cross_holdings.xlsx')\n",
    "CH = np.array(CH)"
   ]
  },
  {
   "cell_type": "code",
   "execution_count": 36,
   "metadata": {},
   "outputs": [
    {
     "data": {
      "text/plain": [
       "(10, 11)"
      ]
     },
     "execution_count": 36,
     "metadata": {},
     "output_type": "execute_result"
    }
   ],
   "source": [
    "CH.shape"
   ]
  },
  {
   "cell_type": "code",
   "execution_count": 37,
   "metadata": {},
   "outputs": [],
   "source": [
    "stock_names = CH[:,0]\n",
    "\n",
    "CH = CH[:,1:]"
   ]
  },
  {
   "cell_type": "code",
   "execution_count": 38,
   "metadata": {},
   "outputs": [],
   "source": [
    "CH = np.asarray(CH,dtype=np.float64)"
   ]
  },
  {
   "cell_type": "code",
   "execution_count": 39,
   "metadata": {},
   "outputs": [],
   "source": [
    "# Convert it into networkX object\n",
    "CH_network = nx.from_numpy_matrix(CH, create_using=nx.DiGraph)"
   ]
  },
  {
   "cell_type": "markdown",
   "metadata": {},
   "source": [
    "## Estimated networks"
   ]
  },
  {
   "cell_type": "code",
   "execution_count": 49,
   "metadata": {},
   "outputs": [],
   "source": [
    "# Parameters\n",
    "date = \"2020-06-30\"\n",
    "ts_type = \"return\"\n",
    "dy_threshold = 10.5\n",
    "\n",
    "# Iterables\n",
    "methods = ['NS','SPACE','GLASSO','DY','DAG']\n",
    "\n",
    "# Create dictionary to store the outputs\n",
    "networks = {}\n",
    "\n",
    "for method in methods:\n",
    "    \n",
    "    networks[method] = network_preprocessing(date,method,ts_type,dy_threshold)"
   ]
  },
  {
   "cell_type": "markdown",
   "metadata": {},
   "source": [
    "### Check singularity/invertibility of DY-network"
   ]
  },
  {
   "cell_type": "code",
   "execution_count": 68,
   "metadata": {},
   "outputs": [
    {
     "name": "stdout",
     "output_type": "stream",
     "text": [
      "[[0.     0.0902 0.1153 0.0707 0.1106 0.0846 0.0677 0.1082 0.1021 0.1106]\n",
      " [0.1119 0.     0.1027 0.0593 0.099  0.0974 0.064  0.1091 0.1025 0.1074]\n",
      " [0.1164 0.0783 0.     0.0726 0.1069 0.085  0.0723 0.1119 0.1065 0.1108]\n",
      " [0.1089 0.0757 0.1064 0.     0.1116 0.0901 0.0723 0.106  0.1002 0.1091]\n",
      " [0.1122 0.085  0.109  0.0725 0.     0.0776 0.0736 0.1156 0.1095 0.109 ]\n",
      " [0.1145 0.0962 0.1084 0.0769 0.1017 0.     0.063  0.1059 0.0949 0.1093]\n",
      " [0.0976 0.0793 0.0989 0.074  0.1001 0.0732 0.     0.1157 0.1146 0.1067]\n",
      " [0.0982 0.0722 0.1036 0.0666 0.0991 0.0674 0.0843 0.     0.1307 0.1164]\n",
      " [0.0964 0.0761 0.1059 0.0611 0.0982 0.0646 0.0834 0.1327 0.     0.1251]\n",
      " [0.1009 0.0687 0.1068 0.0601 0.0937 0.0673 0.0794 0.123  0.1335 0.    ]]\n"
     ]
    }
   ],
   "source": [
    "# Parameters\n",
    "date = \"2020-06-30\"\n",
    "ts_type = \"volatility_factor_resid\"\n",
    "dy_threshold = 5\n",
    "method = \"DY\"\n",
    "\n",
    "# Preprocessing\n",
    "DY_network = network_matrix_preprocessing(date,method,ts_type,dy_threshold)\n",
    "\n",
    "print(DY_network)"
   ]
  },
  {
   "cell_type": "code",
   "execution_count": 69,
   "metadata": {
    "scrolled": true
   },
   "outputs": [
    {
     "name": "stdout",
     "output_type": "stream",
     "text": [
      "[[-8.92904953e+00 -6.57664517e-01  2.98974582e-01  7.08141934e-01\n",
      "   2.88810668e-01 -7.48251323e-01  3.11417884e+00  2.48550474e+00\n",
      "   3.00966628e+00  1.75216384e+00]\n",
      " [-3.80517287e-01 -1.27266456e+01  1.24045239e+00  2.37858374e+00\n",
      "   1.42023777e+00 -2.96863102e+00  4.27024426e+00  2.61199929e+00\n",
      "   3.37310166e+00  2.01002601e+00]\n",
      " [-1.23083053e-02  9.27044671e-01 -8.31289146e+00  3.72875730e-01\n",
      "   6.08443007e-01 -1.54995598e-01  2.06328240e+00  1.94656781e+00\n",
      "   2.28674931e+00  1.58360591e+00]\n",
      " [ 3.82720349e-01  1.19441432e+00  1.38478880e+00 -1.37381166e+01\n",
      "   2.59330713e-03 -1.75405885e+00  3.41645353e+00  3.76720646e+00\n",
      "   4.50185844e+00  2.62062037e+00]\n",
      " [ 5.31551377e-01  4.77177838e-01  9.79955416e-01  6.12802994e-01\n",
      "  -8.64045167e+00  8.67759128e-01  1.61801124e+00  1.45198018e+00\n",
      "   1.75728632e+00  1.64517591e+00]\n",
      " [-8.18257608e-01 -2.30454491e+00  8.71025652e-01 -2.61456649e-01\n",
      "   1.04210760e+00 -1.39344739e+01  5.41056967e+00  3.87449677e+00\n",
      "   5.20520983e+00  2.50948655e+00]\n",
      " [ 2.70754007e+00  1.89273288e+00  2.35402683e+00  2.82693192e-01\n",
      "   1.58461504e+00  2.55754332e+00 -1.29654892e+01  7.65824877e-01\n",
      "   3.80589271e-01  1.64832112e+00]\n",
      " [ 2.56087403e+00  2.89992565e+00  1.43440667e+00  1.47798843e+00\n",
      "   1.52500030e+00  3.79900959e+00 -1.91632389e+00 -8.93202309e+00\n",
      "  -2.01569155e+00 -4.02812859e-04]\n",
      " [ 2.85162439e+00  2.79622994e+00  1.31402087e+00  2.29899199e+00\n",
      "   1.75456260e+00  4.40112297e+00 -2.12618091e+00 -1.67420344e+00\n",
      "  -1.00932660e+01 -7.14450130e-01]\n",
      " [ 2.41935450e+00  3.35798984e+00  1.06581576e+00  2.29930814e+00\n",
      "   1.96749609e+00  4.14993331e+00 -1.80026273e+00 -1.16835270e+00\n",
      "  -2.69493298e+00 -8.87914451e+00]]\n"
     ]
    }
   ],
   "source": [
    "# Check whether matrix is singular/or invertible\n",
    "if np.linalg.cond(DY_network) < 1/sys.float_info.epsilon:\n",
    "    iinverse = np.linalg.inv(DY_network)\n",
    "    print(iinverse)\n",
    "else:\n",
    "    print(\"Singular matrix!\")"
   ]
  },
  {
   "cell_type": "code",
   "execution_count": 70,
   "metadata": {},
   "outputs": [],
   "source": [
    "# Convert it into a networkx object and try to compute eigenvector centrality\n",
    "network = nx.from_numpy_matrix(DY_network, create_using=nx.DiGraph)\n",
    "centrality_dict = nx.eigenvector_centrality(network)"
   ]
  },
  {
   "cell_type": "markdown",
   "metadata": {},
   "source": [
    "## Asset sizes"
   ]
  },
  {
   "cell_type": "code",
   "execution_count": 43,
   "metadata": {},
   "outputs": [
    {
     "name": "stdout",
     "output_type": "stream",
     "text": [
      "  stock    year2019\n",
      "0   JPM  2687379000\n",
      "1    MS   895429000\n",
      "2   BAC  2434079000\n",
      "3     C  1951158000\n",
      "4   WFC  1927555000\n"
     ]
    }
   ],
   "source": [
    "# Get asset sizes\n",
    "asset_sizes = pd.read_excel('./Data/asset_sizes.xlsx',index_col=0)\n",
    "\n",
    "# Inspect dataframe\n",
    "print(asset_sizes.head())"
   ]
  },
  {
   "cell_type": "code",
   "execution_count": 44,
   "metadata": {},
   "outputs": [
    {
     "name": "stdout",
     "output_type": "stream",
     "text": [
      "  stock    year2019\n",
      "0   JPM  2687379000\n",
      "1   BAC  2434079000\n",
      "2     C  1951158000\n",
      "3   WFC  1927555000\n",
      "4    TD  1415290000\n"
     ]
    }
   ],
   "source": [
    "# Sort dataframe by asset size\n",
    "asset_sizes.sort_values('year2019',inplace=True,ascending=False)\n",
    "\n",
    "# Reset index\n",
    "asset_sizes.reset_index(drop=True, inplace=True)\n",
    "\n",
    "# Inspect dataframe\n",
    "print(asset_sizes.head())"
   ]
  },
  {
   "cell_type": "code",
   "execution_count": 45,
   "metadata": {},
   "outputs": [
    {
     "name": "stdout",
     "output_type": "stream",
     "text": [
      "   index stock    year2019\n",
      "0      0   JPM  2687379000\n",
      "1      1   BAC  2434079000\n",
      "2      2     C  1951158000\n",
      "3      3   WFC  1927555000\n",
      "4      4    TD  1415290000\n"
     ]
    }
   ],
   "source": [
    "# Add current index as a new column (rank)\n",
    "asset_sizes.reset_index(inplace=True)\n",
    "\n",
    "# Inspect dataframe\n",
    "print(asset_sizes.head())"
   ]
  },
  {
   "cell_type": "code",
   "execution_count": 46,
   "metadata": {},
   "outputs": [
    {
     "name": "stdout",
     "output_type": "stream",
     "text": [
      "['JPM', 'BAC', 'C', 'WFC', 'TD', 'GS', 'MS', 'USB', 'TFC', 'BK']\n"
     ]
    }
   ],
   "source": [
    "# Get varnames sorted by asset size\n",
    "varnames_sorted_by_asset = list(asset_sizes['stock'])\n",
    "\n",
    "# Inspect list\n",
    "print(varnames_sorted_by_asset)"
   ]
  },
  {
   "cell_type": "markdown",
   "metadata": {},
   "source": [
    "# Centrality measure comparisons"
   ]
  },
  {
   "cell_type": "code",
   "execution_count": 50,
   "metadata": {},
   "outputs": [
    {
     "data": {
      "text/html": [
       "<div>\n",
       "<style scoped>\n",
       "    .dataframe tbody tr th:only-of-type {\n",
       "        vertical-align: middle;\n",
       "    }\n",
       "\n",
       "    .dataframe tbody tr th {\n",
       "        vertical-align: top;\n",
       "    }\n",
       "\n",
       "    .dataframe thead th {\n",
       "        text-align: right;\n",
       "    }\n",
       "</style>\n",
       "<table border=\"1\" class=\"dataframe\">\n",
       "  <thead>\n",
       "    <tr style=\"text-align: right;\">\n",
       "      <th></th>\n",
       "      <th>NS</th>\n",
       "      <th>SPACE</th>\n",
       "      <th>GLASSO</th>\n",
       "      <th>DY</th>\n",
       "      <th>DAG</th>\n",
       "      <th>CH</th>\n",
       "      <th>AS</th>\n",
       "    </tr>\n",
       "  </thead>\n",
       "  <tbody>\n",
       "    <tr>\n",
       "      <td>0</td>\n",
       "      <td>BAC</td>\n",
       "      <td>BAC</td>\n",
       "      <td>MS</td>\n",
       "      <td>BAC</td>\n",
       "      <td>TFC</td>\n",
       "      <td>BAC</td>\n",
       "      <td>JPM</td>\n",
       "    </tr>\n",
       "    <tr>\n",
       "      <td>1</td>\n",
       "      <td>C</td>\n",
       "      <td>JPM</td>\n",
       "      <td>JPM</td>\n",
       "      <td>USB</td>\n",
       "      <td>BAC</td>\n",
       "      <td>WFC</td>\n",
       "      <td>BAC</td>\n",
       "    </tr>\n",
       "    <tr>\n",
       "      <td>2</td>\n",
       "      <td>MS</td>\n",
       "      <td>C</td>\n",
       "      <td>BAC</td>\n",
       "      <td>JPM</td>\n",
       "      <td>GS</td>\n",
       "      <td>BK</td>\n",
       "      <td>C</td>\n",
       "    </tr>\n",
       "    <tr>\n",
       "      <td>3</td>\n",
       "      <td>JPM</td>\n",
       "      <td>USB</td>\n",
       "      <td>C</td>\n",
       "      <td>MS</td>\n",
       "      <td>C</td>\n",
       "      <td>MS</td>\n",
       "      <td>WFC</td>\n",
       "    </tr>\n",
       "    <tr>\n",
       "      <td>4</td>\n",
       "      <td>USB</td>\n",
       "      <td>MS</td>\n",
       "      <td>WFC</td>\n",
       "      <td>C</td>\n",
       "      <td>BK</td>\n",
       "      <td>JPM</td>\n",
       "      <td>TD</td>\n",
       "    </tr>\n",
       "    <tr>\n",
       "      <td>5</td>\n",
       "      <td>TFC</td>\n",
       "      <td>WFC</td>\n",
       "      <td>GS</td>\n",
       "      <td>WFC</td>\n",
       "      <td>JPM</td>\n",
       "      <td>GS</td>\n",
       "      <td>GS</td>\n",
       "    </tr>\n",
       "    <tr>\n",
       "      <td>6</td>\n",
       "      <td>WFC</td>\n",
       "      <td>TD</td>\n",
       "      <td>USB</td>\n",
       "      <td>GS</td>\n",
       "      <td>WFC</td>\n",
       "      <td>C</td>\n",
       "      <td>MS</td>\n",
       "    </tr>\n",
       "    <tr>\n",
       "      <td>7</td>\n",
       "      <td>GS</td>\n",
       "      <td>TFC</td>\n",
       "      <td>TD</td>\n",
       "      <td>TD</td>\n",
       "      <td>TD</td>\n",
       "      <td>TFC</td>\n",
       "      <td>USB</td>\n",
       "    </tr>\n",
       "    <tr>\n",
       "      <td>8</td>\n",
       "      <td>TD</td>\n",
       "      <td>GS</td>\n",
       "      <td>BK</td>\n",
       "      <td>BK</td>\n",
       "      <td>USB</td>\n",
       "      <td>TD</td>\n",
       "      <td>TFC</td>\n",
       "    </tr>\n",
       "    <tr>\n",
       "      <td>9</td>\n",
       "      <td>BK</td>\n",
       "      <td>BK</td>\n",
       "      <td>TFC</td>\n",
       "      <td>TFC</td>\n",
       "      <td>MS</td>\n",
       "      <td>USB</td>\n",
       "      <td>BK</td>\n",
       "    </tr>\n",
       "  </tbody>\n",
       "</table>\n",
       "</div>"
      ],
      "text/plain": [
       "    NS SPACE GLASSO   DY  DAG   CH   AS\n",
       "0  BAC   BAC     MS  BAC  TFC  BAC  JPM\n",
       "1    C   JPM    JPM  USB  BAC  WFC  BAC\n",
       "2   MS     C    BAC  JPM   GS   BK    C\n",
       "3  JPM   USB      C   MS    C   MS  WFC\n",
       "4  USB    MS    WFC    C   BK  JPM   TD\n",
       "5  TFC   WFC     GS  WFC  JPM   GS   GS\n",
       "6  WFC    TD    USB   GS  WFC    C   MS\n",
       "7   GS   TFC     TD   TD   TD  TFC  USB\n",
       "8   TD    GS     BK   BK  USB   TD  TFC\n",
       "9   BK    BK    TFC  TFC   MS  USB   BK"
      ]
     },
     "metadata": {},
     "output_type": "display_data"
    }
   ],
   "source": [
    "# Parameters\n",
    "varnames = [\"MS\",\"JPM\",\"BAC\",\"C\",\"WFC\",\"GS\",\"USB\",\"TD\",\"BK\",\"TFC\"]\n",
    "centrality_type = \"closeness\" #\"betweenness\" #\"katz-bonacich\"\n",
    "cross_holdings = True\n",
    "asset_sizes = True\n",
    "\n",
    "# Create centrality rankings\n",
    "if cross_holdings:\n",
    "    CH_network = CH_network\n",
    "else:\n",
    "    CH_network = None\n",
    "    \n",
    "if asset_sizes:\n",
    "    varnames_sorted_by_asset = varnames_sorted_by_asset\n",
    "else:\n",
    "    varnames_sorted_by_asset = None\n",
    "    \n",
    "# Create centrality rankings\n",
    "ranking_df = centrality_ranking_df(centrality_type,networks,varnames,varnames_sorted_by_asset,CH_network)\n",
    "\n",
    "# Inspect the dataframe\n",
    "display(ranking_df)"
   ]
  },
  {
   "cell_type": "markdown",
   "metadata": {},
   "source": [
    "# Ranking visualisation"
   ]
  },
  {
   "cell_type": "code",
   "execution_count": 51,
   "metadata": {},
   "outputs": [
    {
     "data": {
